11285208,0.26282908021231616,0.16092269139185117,0.56698180339282289,0.25742799682108786,0.47806332485658493,0.18162505818020386,0.24685639400598222,0.27392107324352816,0.34609845679005613,0.25301733194032994,0.15255937204571093,0.61224489742940469,0.20944575735249357,0.50376255590081542,0.15631855308396364,0.22616837924938171,0.2347966632452522,0.33091187449215809,0.28218302227779529,0.13731337755777404,0.53564160264089267,0.1936720238603224,0.53995447434457822,0.16990071587260624,0.18926642432865703,0.21031959750606583,0.42026629520573866,0.32636347487392192,0.22504682149314975,0.29318235527909808,0.27782631945778113,0.49359135281835581,0.25432583956541693,0.32932175551035769,0.33612546516389152,0.38723407135337823,0.32828227938053234,0.22273295678917743,0.26971028171625805,0.2496946214977086,0.50321943412160708,0.26150269144161914,0.36065210385101537,0.33184425071020368,0.38174036473745071,0.33607686690722915,0.21833096546843855,0.23038619982868702,0.23885939702452433,0.53259696414031976,0.26777049482494925,0.3404672850517913,0.30797655766911308,0.40388636701187069,0.31054906815933686,0.24281014662917849,0.38688267112696639,0.25322994443014768,0.45374973760450188,0.24951110583098085,0.37006511564864342,0.31247398495730283,0.35786322980783275,0.31834946543198139,0.25046705512957551,0.38629673838271178,0.23853381319628417,0.42944819688508057,0.26047881882355656,0.41158038783330075,0.30907355409941312,0.33555396134532717,0.31603068289633784,0.24492589697096501,0.39078340899294933,0.24615544556109564,0.41860218358080636,0.25921449431661009,0.41458106476049728,0.32349533950997322,0.32845865197803348
11285271,0.35531507973565002,0.23130338961651242,0.32606635962047248,0.27204965048942042,0.53247855734874761,0.294581881666794,0.24515025863402645,0.22986915127504737,0.39581467046174945,0.36513092182100709,0.21034368415259228,0.34573235165212629,0.23806168156268104,0.54154548874940467,0.28458825880681388,0.22592653306191732,0.20858746194066149,0.42120917808689068,0.36510536871082183,0.19340312161917711,0.34005159604834817,0.21615638370443183,0.55189328014593697,0.31782552409946568,0.20941184953297681,0.19392191861309793,0.42411828305486993,0.36578725013587243,0.28194454827981502,0.28604606484748774,0.29484961851983593,0.45325550242014406,0.33405107957043856,0.31170455904592353,0.27115226571599466,0.36087995002953815,0.38380720329689999,0.26269320896309223,0.26545029775234846,0.27334957352415379,0.47818894322071742,0.3357581382247391,0.29719482985167089,0.25192719128965013,0.38119571459530177,0.39071377345345237,0.24913343614070768,0.25448233465550157,0.25371244339836396,0.51856894687868949,0.34345387186126158,0.28012731993142764,0.23516327714268126,0.36809863159704853,0.33316982656530092,0.29652770193400702,0.3817053202936096,0.26738006046156093,0.39589591099569932,0.29353138254697297,0.42935260259964053,0.24992056712537092,0.30688749849899999,0.35134443338658056,0.29142465548678853,0.36328119155094368,0.25611233146385887,0.41514408580560935,0.3005249703915458,0.42506719782580593,0.23578839426831527,0.3084215254623216,0.35574967353713394,0.28121358436374516,0.35561254418478283,0.24306810661705339,0.43900316232236442,0.30257891412338378,0.42735530873956112,0.23228328797887082,0.2965684225834983
11285322,0.47484291701121661,0.20081318554515951,0.18471213276726273,0.27597569356262275,0.58498788933013657,0.2568502168444019,0.18070559049451848,0.20167612878979843,0.37736780997599045,0.49168679833374385,0.21184035652169084,0.19060445055211767,0.27176704863502599,0.55805406456156437,0.25166637441618217,0.18448158767652142,0.20898959479663609,0.38821378895903386,0.51857244226440946,0.19796472315190028,0.17949473124176285,0.25099032694090162,0.57462329566768411,0.24780327363020394,0.1730804722208435,0.18083951074476343,0.37738561373088925,0.41898423080280239,0.2511732057380513,0.2766465006190823,0.30582892352131213,0.50496668068718753,0.28693689138241596,0.25379864585739442,0.24734920390065776,0.35830168293424391,0.4223794128669256,0.27203110542275288,0.30014906792209411,0.28798950858399719,0.47260038086076867,0.27938814122345956,0.2707182916237782,0.25591425710248583,0.36657594288222728,0.45351441188687752,0.27835932880160758,0.29205647548680752,0.26234448250294906,0.47452648104473655,0.29190053710985964,0.27533391513074468,0.23217463640863062,0.35017710562908605,0.32659417846311484,0.32147716661256753,0.36153692993589326,0.3067884965894111,0.35982526256772696,0.30847950744256525,0.38886567285771184,0.3045883239118406,0.31070266042625527,0.31691388772621126,0.34959579510327621,0.38475859696086262,0.26930180900640022,0.32780962230192345,0.29415967107457153,0.4253745678456648,0.29875867603707029,0.30429653782989724,0.31791069188678428,0.36846784073834732,0.37378109343760907,0.25925765397413653,0.32458663809751159,0.31292646057403695,0.44025386539170558,0.27992097121004433,0.28421597582526287
11285399,0.34775337974222903,0.22288632425802976,0.30890361723186016,0.40549660176214258,0.42955140055232449,0.2507069969588005,0.21264006603492802,0.36408888027195002,0.37999395613382098,0.37222074470071848,0.22337056735890493,0.30192900208791373,0.39148666106735919,0.44142498911354344,0.24775054419537273,0.21032503143282899,0.34027693692702976,0.38842373667327795,0.39568740705352468,0.2364757207377422,0.2895265536119403,0.37613700024529417,0.44510574093665661,0.2658191640050182,0.22148415934572446,0.31085888348974144,0.38436779476272104,0.37694408128025608,0.20217852179554882,0.23164377416009682,0.37748992910889129,0.48589669144117442,0.26756177922942698,0.21648479247861391,0.34108489204561288,0.38728546935022112,0.4199462926367738,0.19994259157433517,0.22436707858966368,0.36403114495482675,0.48063379571138071,0.26689810952506166,0.21068042485660954,0.31203814622215414,0.39599406920661223,0.4342502180683056,0.20541953909738309,0.21806603724131338,0.35664416027937496,0.48647017233741047,0.27834996471932427,0.20886719649870447,0.27976255984567205,0.39806678706175785,0.40367131925909538,0.18960636110757961,0.19460733537644379,0.3198640992857143,0.56929833949670694,0.26200783796949167,0.20272337906600693,0.26058725292494778,0.39895190844195905,0.45840231612962573,0.19774968388556591,0.19214507023704214,0.29918545437832322,0.53207621175940789,0.27386441269781042,0.20309334780537017,0.23494053671362472,0.41204359219042602,0.45626913715186757,0.18631955773126027,0.18770632728590797,0.29053717334966367,0.56072836382886215,0.26691493906218922,0.18582373605111516,0.21370292016905812,0.41424471859805062
11285515,0.30885254418342228,0.23627312754276389,0.29883508720292223,0.39461967888083699,0.41403622904552523,0.25550304124194367,0.2160341678298548,0.34981142989352926,0.4449847204482083,0.32380798816629369,0.2416852785061295,0.30068677562258145,0.39133278041455333,0.40281839726526536,0.2669096999645828,0.21939225850524227,0.35376353148299738,0.43173796597092873,0.31889729028203823,0.25047165784797365,0.30900660657906714,0.41202022067505256,0.3784779987966953,0.27451561963345117,0.23691112887019711,0.37014647272372875,0.39822480782830411,0.30853861214449857,0.2389157821002188,0.27387543077616167,0.43222830967407871,0.38744403732533184,0.26180935382778014,0.23635954747100732,0.37274082200336939,0.41525356753550186,0.31034563934883624,0.24661052933761021,0.28068801906476859,0.43118101738173298,0.37384613234810893,0.26936947331292427,0.23415029726148578,0.38484165556466171,0.40362814959957333,0.31335667048448035,0.25658562753870234,0.30115778046125441,0.41296744882754305,0.37072151892089522,0.27826879341876026,0.25242324093122054,0.38913994167968785,0.38041809863040993,0.30586350671042678,0.23142236300195504,0.28408677220990658,0.41814139192569605,0.3889702594257608,0.26403643011149192,0.28728322729001915,0.37105903121062056,0.39511278759894258,0.29809121800764887,0.24114719805650991,0.29669417001897419,0.42300781308300123,0.3640550770018271,0.26578574432201413,0.28465178185725742,0.39390111655428689,0.38296698475174518,0.29434865403763361,0.2584014135604033,0.33006331641404824,0.39157725356937184,0.35418942508581264,0.27310769382500427,0.30924733417981259,0.40531342094583428,0.35265022576961574
11285634,0.33151660457678933,0.22932120961283498,0.25118559118891481,0.38044675505675285,0.47147945268965152,0.26183360956274077,0.19606954683566705,0.29214715622522003,0.46371504076146719,0.35099047839757425,0.22982794204945101,0.25199055278471055,0.38247328157446359,0.4631908434900987,0.27460071717295709,0.19246436520074153,0.29451163746147457,0.44773741740663581,0.34611336874506626,0.23123279963671661,0.25654979692125024,0.38647362125150586,0.45814096305055552,0.27613284249732029,0.19714801637424484,0.30695656836246016,0.43854885438128638,0.31871230156067676,0.2391848229169406,0.27497840288465453,0.3879078448208505,0.43035969699574989,0.26732749049108523,0.23445523226537807,0.33488072125446616,0.4374238824263938,0.32774677521560008,0.24897910208903559,0.28156608487858847,0.38184907122585476,0.42152978921891293,0.28335178945975387,0.24256823666203647,0.33190065002727043,0.42252844272941703,0.32737330522693692,0.25688214349766553,0.29508175393870351,0.38076266831866251,0.40461960314386647,0.29606587812981577,0.25479981715985633,0.33801637584621214,0.40525890233236339,0.3387969829989515,0.20358381870334682,0.25606579188321565,0.3331751529486025,0.51226678696667982,0.22625188938801383,0.25391141710809034,0.30548961861561402,0.44248475121447539,0.35931068754130185,0.21267306129048524,0.26283522238370333,0.31846036395050759,0.51008890790237582,0.24110438518753455,0.26784380115456874,0.29863806843820206,0.41942772050462918,0.36580519881307422,0.21338731511784284,0.27576128271565742,0.31906954731109016,0.50835131231235298,0.2465815124568205,0.2731283081749617,0.29674970664403788,0.40114807249341028
11285738,0.37544897074756461,0.31726715876681011,0.27883051665674774,0.32230110375116783,0.43059097656745021,0.3375173340811306,0.28636928356985092,0.26773074085329662,0.35176909539191503,0.38190470075472915,0.32661472988264129,0.28349856244177191,0.31993850528880402,0.40992247489503791,0.34667900307366589,0.28735611981245646,0.27683949808548813,0.34249541977086223,0.39172563976493835,0.31552471262404297,0.29502787942094683,0.32522930734260547,0.39583823389912703,0.33368362216050113,0.29446426476973964,0.28785696305806485,0.34143244693368396,0.36764156119424635,0.29428838147837078,0.28308984160290257,0.31577021417398254,0.43519100363118746,0.32245529764236175,0.30439817626763671,0.28969130657765002,0.35837885856715657,0.36963827640424535,0.30336989230928618,0.29085883139556912,0.32274700927395805,0.40993631148395365,0.32002861363539165,0.31123895111549044,0.3035524617619671,0.35084167358971818,0.37987731462820346,0.29376332239266256,0.29568671368176686,0.32324473475205107,0.40021105184543582,0.31669154051219961,0.3168582139314397,0.30951912171936091,0.34758438675742565,0.35718845048147418,0.26580523736391509,0.28711524091244356,0.31597415929719175,0.45061800033479943,0.30386880860307092,0.31009583103207305,0.30669645402106305,0.36588819000559591,0.35756574565426513,0.27862700650696048,0.29623717834602631,0.32737590028915342,0.4195248092510771,0.29804664381973628,0.32286375999633232,0.323759559881584,0.35452523450261131,0.37098226973618997,0.28002658090865029,0.29272768079461547,0.3230682122223924,0.4129052439820734,0.31021475447684171,0.32051085879887764,0.32399440023884607,0.34564602452005294
11285844,0.36661345766882075,0.30479356111352179,0.28389971956740656,0.35183061756631878,0.40654869584667175,0.33267005696018459,0.27596928729608994,0.29132421350264714,0.36239696446484626,0.37554655064708908,0.29565435434925263,0.28289077868674306,0.35246735878332125,0.40897707460213362,0.32426302943341317,0.26503677939594322,0.2981443103700438,0.36844207863983597,0.37814026978329496,0.30287460234313784,0.2800368731593682,0.34964505661081086,0.40370092842482236,0.33567457772083575,0.26071590709119491,0.30011685299403634,0.36181461452034808,0.35290247065337826,0.29566067265575641,0.28538059853548531,0.33834882326933979,0.40902777321533912,0.32686629055149641,0.30250538939576266,0.29875072814086334,0.37042650275134797,0.35890891744612891,0.28564675264315448,0.28154535609448839,0.35198800715571432,0.4039354922572711,0.32452301637398534,0.29253285048295979,0.31261896986136073,0.36693570346116139,0.36451890893361938,0.29001179566307966,0.28384707507611684,0.3433967483750997,0.39789977127733145,0.33381016350129855,0.29292320669293204,0.31286086323297418,0.36206249397506929,0.34464513770170219,0.28309620933327206,0.29001614888794336,0.32386540298618066,0.43536651876872384,0.30550534169304477,0.31757723007232735,0.29606987970591314,0.37508385676229483,0.35120413475791284,0.28034083347082372,0.29420960198591356,0.33678471176521763,0.41426515073426201,0.31628816844919444,0.31573798594850189,0.31217846513355729,0.35955770123710928,0.35718210721404442,0.28158022374519703,0.29658345950834414,0.33415175395616842,0.40633099559888819,0.31829418434836532,0.31520802620424326,0.31380174700368696,0.35954229996978893
11285923,0.40999010555502824,0.2116035389308992,0.19628407815015037,0.27145439863789717,0.59987795890862206,0.26237480660636553,0.18513164341869859,0.18945141406761751,0.41959198081620752,0.42125061057543095,0.20640158263887975,0.20029923463309834,0.25468986657507453,0.60654232065333225,0.25899077821140265,0.18566570186994619,0.19324785639613346,0.41008935072830788,0.40216811106280254,0.23577748591918987,0.23783319335268688,0.28478057774772997,0.54471322474471018,0.29026631136950176,0.22429409530051075,0.22543473802197497,0.4036204472273448,0.37666516321646609,0.23883400104135694,0.28682428614494643,0.25637872916817667,0.54527539626763821,0.25035764702855856,0.31472006832776789,0.22282464063484378,0.37997325809630522,0.37989430373322802,0.23925045642215645,0.30066685480786282,0.24934817150512478,0.5360588826422642,0.2461787555611008,0.32173833913317745,0.23289242108257571,0.3743619952149006,0.36315471005893701,0.26290488642693405,0.33029280577068049,0.27234442912676404,0.47613292698989884,0.27216782381564253,0.35019758554416486,0.25384706269604623,0.35760349721649959,0.28553218375410949,0.27051584387372557,0.43017447384505364,0.23919007807700515,0.4117597768866903,0.22175451430707047,0.47418429704096027,0.2769742947750542,0.28765232671295821,0.28229774733747554,0.27109617348327708,0.45045137923139594,0.22961941789424892,0.39308253496096024,0.22063256465298367,0.48856280533132479,0.27104074291463554,0.27537971406383682,0.27006954704243347,0.28278250423531653,0.47216535729240167,0.23431834976519633,0.34157145763063407,0.22376827894734275,0.51104272287586472,0.27733114745839116,0.25383206085068483
11285970,0.26529782352945669,0.30872559038080494,0.33173842002930598,0.46354905575281852,0.29770949776885586,0.29867622984118947,0.25632004617513698,0.38082388135401524,0.34758050708025223,0.27256552418040064,0.30544406244445205,0.3391691600132607,0.45651029815550165,0.2928177767427057,0.28640918416423217,0.26267558849609429,0.40429735373085657,0.32976851272863267,0.22540934564265899,0.25074894533413306,0.35175594917302849,0.50655978572680638,0.2641858584914859,0.21790100926521722,0.25375339265720143,0.46402479575972455,0.33014495892985413,0.31958627238617837,0.29752361927642679,0.28902827203750175,0.41522536857987363,0.33917168375653522,0.3357127749683132,0.2631008933450209,0.36092271078927957,0.35520003960623281,0.3292271868749399,0.28861098179686462,0.30018940922231069,0.40671972791231814,0.33994280522912768,0.32281498434937989,0.26661022768786247,0.37321824695434608,0.35019284890383073,0.29405057153381337,0.24884795736851922,0.30940825232630331,0.45414721235933048,0.33402952222675647,0.26096241946429277,0.25959110351414005,0.41078016566533104,0.36581524993690545,0.33021487758644286,0.27491603369453826,0.27182470470543441,0.37950544398402714,0.3788282819532805,0.34104708014359847,0.27367920613463548,0.35948633544949737,0.36539229423712999,0.34693024789344357,0.27382152197936943,0.28012838205592977,0.36803572414445718,0.37980068056826771,0.33672730038647825,0.28121779124308066,0.35627531162900578,0.35649625338726959,0.33019479584385059,0.24758784032609368,0.27528393586764249,0.39992875175436943,0.39157258724577848,0.2871637430810095,0.27653828039166961,0.36972019863430688,0.38077400001376266
11865124785,0.3772292695207205,0.2432787464035584,0.44470646900776856,0.24363917844806857,0.47606340066910496,0.29148542134161998,0.27355998326412023,0.24234799165520776,0.31019651917510305,0.36615912375835064,0.27036707009349559,0.43292606706112918,0.26586169878435573,0.43052528726849304,0.31276996384477507,0.28117134987033532,0.27080794073958703,0.3148814762695839,0.35872722736443019,0.30153730000123824,0.39317171184214117,0.29783843707579466,0.38885910829125009,0.34109919874222983,0.2771774709523453,0.29559229157402739,0.32455514400942159,0.38214666330403552,0.28719520434022749,0.30280703772085249,0.25231413459699498,0.49564797214869044,0.32875668637863098,0.27965179323802875,0.2833028051903751,0.32235820242822122,0.38209005534977575,0.29269848497203604,0.30589969270378353,0.26832678957261608,0.46472549161780663,0.33371808037135847,0.28023842026864482,0.29669436213757694,0.32994273388593615,0.3720574703770308,0.31388385465908897,0.29647508609415563,0.30097104275738751,0.41472708552421933,0.35480785375305396,0.28004158781235106,0.30948676994260776,0.33537525307375821,0.36325319895672947,0.28684360949072379,0.3142562262324512,0.27372393162459846,0.46486449652160922,0.33133794194765354,0.29279109800344433,0.29626288070134504,0.33571401797748129,0.36350576975737431,0.29331920530029737,0.310748260402542,0.28502507460796461,0.44273999193982033,0.33333338409937596,0.28971063681187498,0.2989699797724869,0.35153724900380701,0.35626137245983142,0.31549073438644992,0.30275366262109132,0.31335488538741024,0.40231824048211934,0.34617803835709277,0.29388677153219539,0.30786345426244904,0.34762592261110842
11865424513,0.32441595592700873,0.33846218017723767,0.39554621006665275,0.28214188087745767,0.30581888595956919,0.35510778130613091,0.38354182235701628,0.32494674463508816,0.26798384715445411,0.30602683733653041,0.34119874738908029,0.41498739986854838,0.28134904487596035,0.29248281860181141,0.33976652247672334,0.39746617224076625,0.3293482361068289,0.26668716905840045,0.29094762212609004,0.31722752315055647,0.4266858823578677,0.30582198083251061,0.29085093187423405,0.31258754034892167,0.39063221433147527,0.34736893379182249,0.28907491573265792,0.32328683889277537,0.36317361109711449,0.33260540580520598,0.32242120683128622,0.3117356715266062,0.35774931827161932,0.36291686226228537,0.33154463788457739,0.2867307953071499,0.3117144444309804,0.3845836943097341,0.34932772484364311,0.30251344512768868,0.29097446596771442,0.35831117968464554,0.39095580698383819,0.32075354321394933,0.26944928064807411,0.30148243798240565,0.37130757155996774,0.35814610014551773,0.31774630021699823,0.29216949207599091,0.34029556244909148,0.3944095671222595,0.32680506941475934,0.28014841774368626,0.31406161651202258,0.35679389055825661,0.3381269484123533,0.33385161627942628,0.30983104341276763,0.35906163593499896,0.34931627032644691,0.33338280829143746,0.30031681348571299,0.31275148055457824,0.38469101393371247,0.34147391902652857,0.3041008987323901,0.29292201002570828,0.37124771420123354,0.37728486377881526,0.31482076888149785,0.28290170980193913,0.30994900477107151,0.39267731502187819,0.3422391930586941,0.29810185288975549,0.29095055542464271,0.37537452599912741,0.38548647111219869,0.30453891753311402,0.27720338984853071
11865424963,0.40836507293133573,0.23634728763621377,0.2771251300772184,0.3232652248241441,0.48319345082156212,0.31201343156204631,0.25376969823722867,0.28169438371384165,0.34856863814371158,0.40641020557687052,0.21227299576852351,0.2591664055583654,0.35951507023915164,0.4894929365497539,0.28225910718013664,0.22697776532927363,0.31908691607492112,0.34748193134856131,0.41177739217389225,0.20662515943361326,0.26721066543079014,0.34349462829201771,0.50172023328568027,0.25557166529152647,0.23687778401184859,0.32059998152565955,0.34988542474668832,0.40514276382352227,0.24152778476036024,0.25762151567887914,0.33791297539304488,0.48394310805028373,0.2850936963667986,0.24941392033576532,0.31119781587531814,0.34991270721588918,0.41036247077433974,0.22178431311703947,0.23569643390749043,0.36430905701581168,0.48954343212608942,0.26434057379411474,0.23098094323685758,0.33758580711233116,0.34248411136805007,0.40678266076922426,0.23372144096226544,0.25159645161103916,0.35407231975971343,0.47801503519188315,0.26572101191845998,0.24294174770217858,0.34841126236618292,0.33424097664800456,0.33524216576987631,0.30753287158285347,0.32298338120982034,0.29838109735390195,0.39067010487185355,0.32881026865943597,0.33808858750749005,0.33121063590503047,0.33903239421513875,0.35513087121342585,0.32599570387748827,0.31042571427028415,0.27350666245075211,0.39299268611221216,0.35478168506347701,0.33941106019159933,0.30525422383659012,0.32824614055887164,0.34489875404420156,0.34345058337615775,0.32933199119357659,0.26935654831009165,0.36277026287302983,0.36698516598070946,0.34566327354324683,0.32065057021767174,0.30576749388626112
11865430103,0.26120416416549158,0.32186770752766591,0.42270970402928743,0.31569363951848545,0.29058983284366441,0.39778364895476087,0.34643385850400232,0.35831057603745853,0.24238484393242282,0.30598091498591357,0.30619905621881999,0.41397385937970355,0.28841870093532906,0.30443680985062965,0.41927374412721069,0.34837192610745815,0.34791650140176356,0.21720259269147471,0.33335167893288675,0.31946567863654723,0.40180217747948171,0.26335509216503794,0.28602811117276783,0.44972480346561722,0.35301892974023935,0.31598597080587854,0.21790698320402746,0.29535228754579368,0.27725857173951363,0.41309381558024599,0.27769689950013982,0.3540750182717492,0.27193943057341746,0.48248374546755513,0.2504981084935527,0.30540561765251883,0.33954382314155035,0.2733078807552799,0.39974553063784357,0.26598410284257595,0.35296793851279507,0.30431605946364687,0.46853728576445974,0.25457983392044325,0.2791702734575357,0.38371300797348507,0.29821569990079011,0.38251809035330553,0.22596932698413527,0.35091673481456703,0.34733881156578883,0.45086810544548261,0.2246704707690986,0.26249535791321865,0.28042549511933534,0.22422685478284926,0.4293878759541529,0.23058561926497073,0.36209137409851339,0.22305955562772881,0.55470883569327323,0.21054443471328846,0.31724374228267244,0.31949121757209542,0.23814269815581943,0.429700339960289,0.22398680719218975,0.34676720728653931,0.26120230466386701,0.53974373895161232,0.20933358990642892,0.28772024307402871,0.37365613177174312,0.25563122776848229,0.40604116825777986,0.20119569275279012,0.35647076554504037,0.2954472144618393,0.50799302756862019,0.21082469535750759,0.26985216396009415
11865430733,0.48613421365662457,0.20621284362169251,0.19594092137041158,0.21290540930166652,0.61761083378566095,0.26683554581782076,0.19041851520503267,0.17141305033458298,0.34516984718890148,0.48066245373395972,0.22477791918161424,0.22093342803009006,0.21792447890616876,0.57245977594545661,0.2869364075302232,0.22028321660986358,0.19217407218523333,0.35586170504855341,0.45907962298432875,0.24742781983443712,0.23575775326666021,0.2320294391120582,0.53157654808829591,0.32852405652068972,0.24226469770347336,0.21194485046131956,0.35283352186167305,0.38792744137985291,0.21703285577622344,0.34867125155970963,0.21677030519712009,0.53105179444971695,0.21583561771673265,0.37686530321245637,0.24234943765568578,0.32324339187058454,0.37173008257845991,0.23838113783226828,0.38912451821826016,0.21688761807168189,0.47500769972425,0.23469133173409001,0.38258682415634299,0.2747795359327504,0.32240382692077252,0.36319239814721305,0.2548772160261295,0.38834810336588704,0.2406008121460701,0.44562941419495744,0.26707006059331978,0.37034772004881433,0.28867332237681015,0.32252776449175752,0.24517130653721483,0.27284596106435466,0.46893716632657267,0.24573493976921401,0.30681083870095982,0.23480109200543969,0.52382401103549203,0.31050351568260992,0.25512721325922805,0.23631636723121022,0.28212930983568452,0.49583625970763284,0.23239575846894803,0.28084708812770692,0.24830147269422484,0.49835460203254095,0.33365058847447077,0.25394387142211766,0.2486923650456957,0.290386180010897,0.48880468125645282,0.24538777341236184,0.27940625050318901,0.25907182942188556,0.47709381120044608,0.34557857074203602,0.24990729978857246
11865559554,0.30867335595042428,0.2580753924983335,0.32165069919421224,0.4028737197322273,0.41408827515850771,0.2516715629088489,0.26737815464981873,0.30872457108269913,0.41320917241765964,0.34676601426600373,0.2811300517659685,0.32387227545766079,0.37365512960304931,0.3847427852148721,0.28953789955254505,0.26144264363615466,0.32467265954912733,0.38805155587849222,0.36668149247484216,0.29483694652210912,0.30932273656456544,0.34981033495020702,0.38303042460297448,0.321176921761824,0.2611374173379033,0.32200407416133175,0.37258787638787594,0.34200378895362654,0.23382543202870909,0.2281876605858805,0.37807248179481789,0.48297924633807804,0.26089186833264588,0.23433934268588036,0.31162365684930154,0.4242557074878005,0.37057169805437101,0.24807440252108046,0.23545502653577549,0.36528008608272633,0.45254744346196119,0.28461844967380573,0.22779653820592233,0.31877776480429754,0.41587222835155391,0.37136866942343166,0.26288503226532894,0.25823618791356734,0.36556868992341024,0.42095386984675115,0.29996614631785873,0.24160788464899668,0.32881907066755928,0.3987131364097396,0.37582815759369675,0.2032138607021319,0.20091179703170303,0.29743108602354051,0.56167188400010859,0.24131767255302186,0.24170400006067755,0.27835672566746023,0.42310010238977125,0.40311565646568459,0.19386992972264985,0.18269814371340315,0.28401369738707211,0.57655215088266343,0.23769378470466787,0.21239163010629139,0.25708798930680593,0.43099264374011892,0.39938215792020104,0.21592745080649386,0.21717301944878839,0.29975990202144198,0.5405094807844576,0.25112880796761627,0.22730184600759873,0.27287386768292837,0.41893513136112293
11865559784,0.34703721895055262,0.34727972166804422,0.36818998183042662,0.30862748749163671,0.41663414677299082,0.30830748882817299,0.29554321547497547,0.25168090968509027,0.32987962812729144,0.36570727743775028,0.34408401300151809,0.37113842749794768,0.29787203969738268,0.41614157509191818,0.30814999747786914,0.29136279701648771,0.24849575775931285,0.32652753206176488,0.37680720280058289,0.35127401168162764,0.37586036087234248,0.28485223316636055,0.40537286680311602,0.31509519636883182,0.2926261759261522,0.24791681344237626,0.31860024072336168,0.36158571367947129,0.31198888090173699,0.26297012113134105,0.2960149762756123,0.46994794957067643,0.32479903385648168,0.30540187240487726,0.25310431300669767,0.362578215167846,0.38672824054195881,0.30649269742395496,0.26565865716665965,0.28449376996374282,0.46799878917562993,0.3329014734413821,0.30038118700167604,0.24418573972391999,0.35396393102479679,0.40374021961103906,0.30983516584072346,0.26654556482296493,0.2702016159729384,0.45553313680210128,0.34246703002728229,0.3082721732265562,0.23964187337626031,0.34595733369195047,0.32883383507385811,0.28536759931356331,0.24972434263519455,0.28609498103553904,0.42168567510505744,0.3005629541516745,0.47054009304327987,0.25810497818306877,0.33171973858211651,0.34703793923764548,0.28100396368678759,0.25042648970085313,0.26864321298801302,0.42607941809085703,0.31021675991308012,0.4652353312039465,0.2494939961269666,0.3305291930653676,0.36527113165427344,0.28254956859338481,0.2511003573803785,0.26224749614519627,0.41775487729048044,0.31868684227786942,0.4541821109127685,0.25177035861026531,0.33040497078433367
11865560484,0.31401803551616342,0.26328874690342613,0.38889785639155988,0.2864968375461196,0.41959256644636872,0.3155626685096613,0.30105989747112183,0.29427537688845867,0.38193839393566714,0.34372917242048978,0.2731520041159185,0.38211675814054924,0.27674691463530504,0.40394060618372707,0.33799528473055368,0.30256841642178878,0.2982502051845517,0.35598665251463613,0.36515727524471636,0.28134042823013677,0.3874237348863076,0.26265238735361435,0.3921831847884869,0.35087400706056132,0.30368442119847,0.30321945077045975,0.32762448984804582,0.33748897267067346,0.28812004542074676,0.28371445851186822,0.3294794238185022,0.3960251490125416,0.34629634706817519,0.31046681664625414,0.31742385518866439,0.37434317215851293,0.36746058918108571,0.30637664482592097,0.27573934352500218,0.31333979316252153,0.38417063569191401,0.37055669893208232,0.31315891959174685,0.3095961088770835,0.3436196163057833,0.39001341198555739,0.31151333232162082,0.27983483920587765,0.28648659162930723,0.38977347609505408,0.38030427026421276,0.31819245424517845,0.30456657179602553,0.31607741460488081,0.37336399411349985,0.24152650424134209,0.23307636966069961,0.32678294070196473,0.50095319287028683,0.27704943065548804,0.23618551576674809,0.25967552031836511,0.43615033911813217,0.40718743379843442,0.26714196222897679,0.24463742108911626,0.30850108192436204,0.47555761452991641,0.31445199384198996,0.25533293047003752,0.25982190208113054,0.38739610512553618,0.45817950343640074,0.27695819916147729,0.24458786917060016,0.26768491345358342,0.48971687585046242,0.32992370228445073,0.2567004539838994,0.2426986055122464,0.32926774054630631
11865564934,0.27642787696672722,0.38059287347653187,0.38615473834401204,0.34138933239145908,0.2698928883394241,0.33590353211527607,0.3801095606092928,0.34130178947599704,0.25774208921871733,0.27963657614767329,0.38381796279134345,0.37739450419483167,0.34560017332056003,0.26669835245289236,0.34493683853850449,0.36351566396516072,0.34845431292786316,0.26257870697697161,0.26850321822587203,0.39860828969490514,0.38679029100845874,0.32732647986577057,0.25363252365253941,0.35666802977810541,0.36945077688631928,0.34343037470686499,0.25746505225124661,0.28065093596551871,0.37044313589172251,0.36456635798164627,0.34674488132667586,0.27472099076552209,0.35130180567783831,0.36564279001061917,0.35256277988590168,0.27200467394608285,0.28530121406586345,0.36865596415456464,0.360680810081492,0.35087213082711488,0.26994392239136045,0.35625129673503492,0.35755525587164289,0.35725632392273338,0.27245466256815315,0.27581880227545402,0.38968975569245778,0.35913750664315414,0.34011952336191514,0.25721276659440123,0.36772718848753089,0.36184023222675332,0.35651416648367812,0.26075360289961341,0.27672730617424546,0.35740944973051875,0.35680113723938611,0.33446604199746893,0.26631938756621298,0.37142011562566335,0.37773858105955238,0.3634206912877076,0.26993691652828411,0.27847512355536286,0.35497215648939218,0.35808019025986582,0.33443505965319048,0.26271225661017478,0.36696976922992358,0.38181692488159952,0.36610126943592108,0.26996164492138286,0.27055147834118426,0.372987612240188,0.3489501499142218,0.33628241233481893,0.25557165724887071,0.36167284840315739,0.3874445129932988,0.36960760059128911,0.26454283904025816
11865565484,0.47551985202321412,0.056289242466029073,0.16774005766610786,0.06843777318970222,0.81447799085432548,0.06296724610921231,0.058510578947742538,0.046831575310225776,0.25482526821145618,0.51325716675554756,0.047744892174356166,0.15736358093916525,0.063283231845865331,0.78365819209187981,0.060222920801523118,0.063384463191244786,0.046621553480532457,0.28562433132494386,0.47957478356395178,0.083893031763802486,0.23080245672969518,0.1203173414333665,0.75851128595175887,0.10866232913352074,0.1372443582208713,0.096329873730810742,0.28277468649832627,0.47178321229467557,0.096228084505175601,0.066301267555540624,0.079967363643119307,0.7965329340210775,0.14224714714816269,0.087223100014505658,0.078129137356449038,0.29826005112298098,0.4646478695250692,0.064977237967093732,0.0524055457103847,0.068477890658191265,0.79711393449414092,0.11712713530586223,0.069124883347507882,0.060202910014314867,0.33901719384147205,0.44751397241098134,0.099028549884070477,0.089179471121958218,0.12379723358204218,0.78415223618158159,0.1799695934196682,0.10106560441070772,0.090813953540593517,0.31764847605474578,0.40114777770720139,0.11970258209981918,0.081824290624411447,0.1001753933824215,0.76515100754557874,0.20835447943810409,0.2399280281058816,0.1244357224525058,0.32573606405555039,0.37934574081064693,0.076133764568826201,0.058129324311488331,0.078903520664741628,0.80106173836170624,0.16242917461580406,0.18716577807826659,0.091496422764701546,0.35945768252178145,0.38454665027410923,0.10687994513680651,0.090131202513748856,0.12442800768786895,0.78453660100894596,0.21683142973000166,0.20520602010137295,0.11475361911444308,0.31512384624180145
11865972686,0.39582975745249094,0.29484938276159378,0.34422874772741285,0.27493923843410445,0.40642236572101309,0.34578553091170461,0.32592726670062599,0.28757149209283145,0.29769934711323326,0.39000618020014421,0.30532849865418482,0.33141184174808136,0.28466761872602747,0.39792592216390793,0.35166207571335162,0.322220225551895,0.29208719665756699,0.30438159878889942,0.37959993370205847,0.30120931227572489,0.33234029456027941,0.29846031820522012,0.38244517984299925,0.34030591510642461,0.31840631394425684,0.31266427013575115,0.32316287063701932,0.35455432737688458,0.28986884416543662,0.33586231442360476,0.3460882843857821,0.39104791760466351,0.29704309178195304,0.32063189544186349,0.33358294192606286,0.32008001239135908,0.3405701876646367,0.30732095755762945,0.34347295895669283,0.34103554608226183,0.36357335284295861,0.30617760820429468,0.34029117308450335,0.3357305727576505,0.31755856100357777,0.34588378614694848,0.31718374667885008,0.35241697998791993,0.3274041613374743,0.35804571108110672,0.30060638105465726,0.34500430709378493,0.32557531932093647,0.32369656679601899,0.31800286989093979,0.28903998382196378,0.35729166919802907,0.3943679452511708,0.35691428150679516,0.28116077012972757,0.32478634652478339,0.35292189682509567,0.30930149685552843,0.30615379897641137,0.30149555792148341,0.37405892291332327,0.38408415831056608,0.32389806952847233,0.27281662285572633,0.35075410653208133,0.36018772863908255,0.3095594234871511,0.31569180034695582,0.32029219312611679,0.38867674825111515,0.35948960162653099,0.31350182522866832,0.26666748614446428,0.3648756228445087,0.34107058431085385,0.31399186310748783
11865972836,0.30407800363465093,0.24452492021763478,0.32624998383004394,0.34989697841730888,0.44692226637655563,0.26467157663196567,0.26690437966282826,0.33499868585907494,0.40696996298431304,0.29580753265046605,0.2282310190806891,0.32099673669239814,0.39665101507443296,0.41359232879974067,0.24572775909783803,0.25205699398835862,0.37133123346429953,0.40887309052592674,0.29915730909608684,0.2456056102542106,0.32870331210380282,0.41540731955306248,0.35102824788569159,0.26877778698100241,0.27223768001210263,0.39546860728908106,0.37894929455580806,0.30370222928587637,0.24767110496476405,0.29581216998525989,0.34380279873034775,0.45193257117868957,0.24264799134513385,0.28709096058343059,0.33810115969811472,0.42528115051546383,0.30361508641826052,0.2460859928207827,0.29438023511675343,0.36307595696021888,0.4344847369125997,0.24447890283267548,0.28224068794535884,0.35137799880092352,0.42083542781562649,0.31621891714218076,0.26910664172382587,0.31122306147064627,0.37803239303919139,0.37626709433824923,0.2714262038994571,0.30430287189389538,0.37563295465480417,0.37265192135747732,0.27931613042850545,0.30574680114369296,0.35379572002023807,0.31053577832563123,0.39379745070868977,0.2607199939671217,0.35782394589058458,0.34041172218668475,0.37406956343193709,0.28609509529327065,0.30980727745456937,0.35265150267357398,0.31271566322344507,0.38217974043628311,0.27324963319542506,0.36002552623390544,0.34325516981433579,0.36310558031109297,0.29990129470299087,0.33161932426061014,0.35473371517188623,0.31797436809348051,0.34546136565671365,0.29566223826354915,0.36635593899843921,0.35185878454387415,0.32918555233649244
11865978146,0.43990068177227776,0.19029395178754888,0.27335149902546368,0.23031352898886717,0.60844781751202126,0.20879788537469651,0.23233521517811448,0.22131579953498567,0.35460483646450441,0.43816749068920963,0.19235711487397153,0.2592576815654265,0.2306298952664366,0.60752510283068206,0.20681999687818253,0.22989422770869833,0.21970300629133122,0.37097339294133419,0.43672566512294142,0.19089434361420832,0.2507898207595925,0.22881723098457543,0.61069574839030316,0.19980826650840408,0.2301014104366936,0.21266926290194862,0.38279192720486621,0.3517012893284408,0.2216807574394706,0.37023970044742216,0.29838767445993658,0.45955712015613626,0.23102815820315539,0.35311225545810043,0.30929924568742817,0.34077874037442568,0.36113264737574108,0.2331242419716103,0.31776488173768369,0.32387843222090951,0.4635490214515095,0.24354127524474212,0.31566458755744853,0.31174012294319531,0.37195220926858857,0.35472390590687042,0.24185400565846168,0.32677245834742241,0.31328934906228811,0.45259555797300999,0.24886415055103564,0.33048972996287629,0.31384878676936301,0.36911583278290649,0.24010496179026697,0.27370024422331807,0.4476408749016671,0.35905687555323307,0.27617076277431557,0.24203149188323922,0.40549687862206785,0.39049619309359579,0.2938861177004779,0.25609807158189596,0.29184336336407007,0.40269899513778545,0.3819013740789089,0.28316182918602539,0.26109286640340329,0.37235136634555238,0.38675726330108007,0.32349536189392453,0.27533363846187703,0.30913971359854681,0.39877342714821035,0.34786036193881631,0.29722634486359234,0.28045142241089266,0.37984983507090586,0.36198865377335021,0.32600422025296127
11865978416,0.36444953854412604,0.27592092767212889,0.32959847048261431,0.31888110440454026,0.42722487617019228,0.33313111872803419,0.27513786821879882,0.30323452296885584,0.34579530881561255,0.3917810811200399,0.27327059429621392,0.31411538840143211,0.3119088822565762,0.427719697226218,0.34134759572266427,0.26051293768687483,0.30014851738755977,0.34417537010813321,0.42875381167426879,0.28228378374804219,0.28726205898570439,0.2983809840162796,0.43751568451830558,0.35317898493381383,0.24199084762339035,0.27668606022529119,0.33714270935985891,0.37805944242541956,0.30465883185135284,0.26154846551761979,0.31462662374843875,0.41606209982074044,0.35418450030339299,0.29525016335507204,0.29369924968727834,0.35336991292684444,0.39770201799065064,0.31327785233082789,0.2568000127561989,0.30255388296532082,0.40753010909931503,0.37731141628698234,0.28825048836272388,0.28523177534135641,0.3366226105314381,0.41915231804856157,0.31221080143158497,0.24499025700190527,0.28712792703893913,0.40754911082136241,0.38801182679371782,0.28427319112423138,0.27728931085514213,0.33169715905483149,0.36863569322096595,0.35263350619631878,0.27460024427572327,0.31574115471152314,0.36760013198147673,0.37360341435576044,0.30588044349703269,0.29866350305472544,0.32739495412709257,0.39095818145103184,0.36492556082419658,0.26495119195061911,0.29188108678490793,0.37098842264360787,0.39829240868937349,0.3027123011606675,0.27495724712192954,0.30835344646498036,0.39922752441980991,0.36623678831013723,0.26332789117999245,0.28313468099686184,0.36246457062884785,0.40875704924554712,0.30669208069439741,0.27263768190297061,0.30021148796658853
11865978476,0.3335088798079956,0.13499990628780509,0.37210633622414641,0.15121756529008912,0.7067791058941969,0.18220239335285984,0.17075087237297831,0.18332916939607,0.33721962558178692,0.34241553335051372,0.1227370276204536,0.31470421901564588,0.14298406106246003,0.73491675299122361,0.17466995681512199,0.15095709296940804,0.16439448876294643,0.35746074996718386,0.32550777338513376,0.14241029836970778,0.33033389697349014,0.1903312018076139,0.67801334767884669,0.17985135581350234,0.18938533674774466,0.22174626851671739,0.38901246102553777,0.37957567759994087,0.12241094776242049,0.16499202679867883,0.18534789167403121,0.71581693577872352,0.20715300436628259,0.17056653711957903,0.21019308151605448,0.38830566442663089,0.37069706225644361,0.099663282917402091,0.13619978179175438,0.15910935961107081,0.7819869670979368,0.19140218105463261,0.13468583924546509,0.15652604075695994,0.34351947506168945,0.36337332618127433,0.11509617581950907,0.12675011652265333,0.19999846716586103,0.74811107602547311,0.17396110691721331,0.13381540254899729,0.18924600792850488,0.39369331255499296,0.40675626174846918,0.14662833253310215,0.16214931710395114,0.16722858010079564,0.69296890492856511,0.19229047499488189,0.3169668489375489,0.2037996983971832,0.31560703983193272,0.38311398810657005,0.10877457609310656,0.11156209188216962,0.12414952690628851,0.78465490301096863,0.16609488516399271,0.24896624607351289,0.14030034261195723,0.29764629677110077,0.35086221319596456,0.11889587634454465,0.10892744116538394,0.12578913766245803,0.78816513212721895,0.14749793957188395,0.24284227341889641,0.15467499827827594,0.33047648160410831
1428401613,0.22930162951433719,0.15914278956326783,0.43138862252904525,0.16972178934713181,0.63704713560731552,0.21028273251618992,0.17409175378401756,0.23978037963288004,0.41151210082716472,0.23963741189028651,0.14219226384820224,0.44885862382538738,0.18273359452582011,0.58010842616977698,0.17501740170157212,0.16354972730556805,0.32467409085134386,0.43378673779031102,0.21221737528616405,0.1347976048711671,0.47303658355973588,0.1846355923290483,0.54875502315206459,0.20365154079759457,0.165189384942319,0.34469054516123793,0.43615856795945818,0.2784618093428633,0.2081912989067381,0.23445488469989942,0.28152794212197935,0.52869941364078044,0.24120023317269554,0.28395220913920111,0.3610017941138961,0.44298592636944067,0.27155394481425504,0.17255362084076803,0.2218153575122371,0.33036664425322393,0.48819879854041265,0.1983473435783249,0.24779105557716655,0.44023983664948552,0.45304332012239878,0.27222535565085737,0.16495145922395391,0.22438305780100309,0.3457886637105303,0.47557132446486133,0.21146357543755381,0.22335670798385007,0.47610146165756378,0.42581808680546107,0.2872228429104709,0.22815821664052779,0.33037206401916236,0.27649914257828068,0.46081331428554739,0.21853733483181359,0.38155686353394597,0.3624218051022291,0.3778977236754536,0.28187488618071443,0.20237299567041725,0.31686879982984034,0.32632110526485281,0.43957518999401568,0.19595645860391198,0.34120092856631562,0.41357361584724367,0.39193610271452645,0.29904286124372814,0.19836368045316746,0.30780886140076458,0.34965350704829878,0.42779694615443009,0.20468825747036878,0.30262649384093993,0.45123814944129448,0.36621736070568484
1428403377,0.38597032715462853,0.30373648075006016,0.27580487449461649,0.35565268655954013,0.43993650585522326,0.31990061677591564,0.25652620926560316,0.28569189345614865,0.3360175246236598,0.39338660608468007,0.28732542323747817,0.26288624206919081,0.36591530125869592,0.47309487926109478,0.30095209614468943,0.23719948075453257,0.27419396632559728,0.33741815874582481,0.38430453481615767,0.28580249750009701,0.26578490277214373,0.3668114966386426,0.48701466474557531,0.29963116945833668,0.23654904511729022,0.27247505794205779,0.32905077191212823,0.39699847648701353,0.21205051180424209,0.19637229355335309,0.31346950925456279,0.57071326062496575,0.25171310520615992,0.20109709200317805,0.21886706367042805,0.42800188689427204,0.3998888020343328,0.20657720141545238,0.19211589653428399,0.31443933457721146,0.58385287377599848,0.2482969289364351,0.19365293030840139,0.2297917349487609,0.41084417041036791,0.39532265877231193,0.20001810949355059,0.18470554605808587,0.30222062641012704,0.60876823368845245,0.24626191137674625,0.18891307633264301,0.21933102821166287,0.40400661554412487,0.345601184150094,0.24946871006598875,0.28605551962656844,0.28377216319857451,0.50824673315444313,0.25684485095877774,0.32080167074059018,0.25118029695375677,0.40703991366923337,0.34688702917817721,0.24604065437803713,0.28100460976142533,0.28235737819434881,0.51529002668515522,0.26701884662193137,0.31168463301972171,0.26513781555529875,0.39519088702375965,0.35865433462235646,0.24244894065256181,0.26771494226354664,0.26800788674652581,0.53159330201803967,0.26660864270370072,0.29656400466693955,0.26075752290740384,0.39933662428998301
1428403727,0.38275680746974522,0.32129236826925406,0.28079971396783165,0.30072966069015927,0.44636814725925589,0.338225887172735,0.27606915717270064,0.24836205629175112,0.35978112470418228,0.40391928874585409,0.32613739309473588,0.27037601512398307,0.28844759483806592,0.4443491955167706,0.34421654280675906,0.27172451427137062,0.2425403113000244,0.35438276475063146,0.40650332352112634,0.34769729283602552,0.27680769265439464,0.2858662014733418,0.41336480326069136,0.36329743287663541,0.28163135713149351,0.25045735085022358,0.33259442961897684,0.38301501208178312,0.32334043353693787,0.25582067680899279,0.3050977380858072,0.42274604229114909,0.36170741609720164,0.27932121112119612,0.28197503090636294,0.35092004542930916,0.40419456975757995,0.33461078390242771,0.25481539338922865,0.29011231927555375,0.41433464436380069,0.36640387631621901,0.27886599263933309,0.27263047588834916,0.34285230762020652,0.3899267725394604,0.35787431750844706,0.27109939778546849,0.28580728677594747,0.3878949216843578,0.38590279440665021,0.29550148021063238,0.27640689100778604,0.3187429302122729,0.38020160193226898,0.30291519097772118,0.23725318569953832,0.3374433688555219,0.41632350345235869,0.3381650858028285,0.29211045089615018,0.2968919113467362,0.36383761330615688,0.40666060040697805,0.30761633976406288,0.23623235262395714,0.31925519242289113,0.41279118681279958,0.34512787799474087,0.28860797576057867,0.2867693227181275,0.35669133103422834,0.38763743263559686,0.32428604755817014,0.25055761114520259,0.31968487093954917,0.39454575769734923,0.36730353168616242,0.29717921373182338,0.29049614821492048,0.34105204654913601
1428404497,0.35193232422076881,0.33786794650416013,0.32797232231122642,0.31990131867545113,0.3735926435090911,0.33366106963483488,0.31357213460476957,0.30081094360591659,0.33521678719254078,0.35339366101085545,0.33923119941122787,0.32489065430869657,0.32260077252997621,0.36163541575651709,0.3373309621923205,0.31492251656772696,0.30604081055628574,0.33615528646083909,0.35298236401488475,0.34046227526704276,0.31792692493352476,0.3307114045859994,0.35422806554951158,0.34806002796656432,0.31348375200193024,0.30935358901923143,0.32931184741250252,0.34129968457492199,0.32454713318542766,0.34562907142940152,0.32231205588067263,0.37964043423984517,0.29477350954906151,0.34266659181838738,0.30664337747468218,0.335216817060417,0.33489881734323684,0.33579149052084445,0.35782177905820767,0.31889476235513681,0.35115506338182467,0.30144218806001677,0.35013204886893623,0.31366251048644966,0.33196784228983162,0.33961773052390148,0.33938647345993833,0.35135693945508373,0.32064437973439908,0.34329080245166943,0.3162769917552562,0.34404089352160444,0.31782994616073634,0.32550323623504535,0.35397282360069537,0.27901397508950232,0.29674061575573446,0.31109159950353998,0.44753263265988519,0.26475026054251893,0.33963600746247002,0.29369422743899953,0.37421166758640451,0.36199465325807922,0.2875072168109481,0.30654972909941092,0.30595501318974189,0.42792595571740027,0.26834043879307801,0.34191559907426444,0.29367386797904343,0.37475380046242002,0.35635438878016679,0.30536458512965914,0.31436876203579012,0.31323667228142227,0.3971582348671252,0.29130765753285487,0.34365213647812348,0.30706474751992358,0.35754538056316465
1428409401,0.23822611698728374,0.23449903274713207,0.5667834994657619,0.1316862622593476,0.47409254748920004,0.20504163757941143,0.35249287266117413,0.23373311376439954,0.32246775886386803,0.23810981614310697,0.21877900384230392,0.5805481176728795,0.1194692139407055,0.49239218434091786,0.18280323883027041,0.3421344624803605,0.2501074185213138,0.29774755206976289,0.25908215776822519,0.20301487087041661,0.50985414815456076,0.12417163104668599,0.53652687367849805,0.18825048396580699,0.30924560895067166,0.24413934790462979,0.37115402532305081,0.27314188724925381,0.2203096407180298,0.38019088313580823,0.17687656699788318,0.48258846465045924,0.20882529137726191,0.47030778563387005,0.28665538729459311,0.34808960032578173,0.27956419689098783,0.22724669918961438,0.38200267507631402,0.18134765388031268,0.48254613987003742,0.20731503311917179,0.46618579534811838,0.29836609197103364,0.33046624495304056,0.29312522589381751,0.22673298806180298,0.36212958349312674,0.18197853881716336,0.49821980821652756,0.21525339505592669,0.44057462365184202,0.29747477820039053,0.34822616970766396,0.24689091171778979,0.21515278298498244,0.55631110174885079,0.18352655907699805,0.40247439138217678,0.19553390170254317,0.43852777954359268,0.27067820920057906,0.28947823548817536,0.26108559771090639,0.22506919741173362,0.54063042687752372,0.1924974234872609,0.39823129702984589,0.19888708594598803,0.4411466981579546,0.27454991090023123,0.28932564278782219,0.28252805602668535,0.24004823985809365,0.52398321792767277,0.21000798320917485,0.38725692438085785,0.21401949802848333,0.42580311477498506,0.27788777075152848,0.29931718442308858
1428410597,0.27592654013690709,0.34548677350562595,0.39567922032259656,0.35676542214310419,0.26526820930999806,0.32448190804348515,0.34324317212541861,0.38476429242210153,0.28132657854269272,0.30101756059490531,0.36266253043608837,0.36901402615677292,0.33933620186306546,0.28321215339376454,0.3497109097137367,0.34222040588610991,0.3557982729503944,0.28342518523723492,0.2998995861926651,0.38739387836102213,0.37250332445198142,0.31947640739476574,0.26188757380580202,0.36271840580335801,0.36330747334418678,0.34652843919304549,0.25872434344901074,0.29239023633685784,0.34056050708727825,0.35678482762169594,0.37003998421894652,0.28610633006920533,0.33148068932336788,0.34271492359996125,0.36930492614492988,0.29786834261199457,0.32450831527894647,0.35466420446102892,0.32257124588837111,0.35619798654116891,0.30408814825826846,0.35397929958076624,0.33115194559793582,0.34644578960116446,0.30086739159975245,0.3162664522260657,0.36626036025392522,0.3461590738193393,0.3404637796179022,0.28177114840929662,0.3564995201897444,0.35011158937273124,0.34954119416744833,0.28079016948716978,0.32234395237872965,0.29394261909496244,0.33779949705210394,0.32391589087065958,0.35656427458379342,0.29824737430262022,0.41145034262442431,0.31257650313826968,0.32798942699637307,0.35098764147954792,0.29853106159033577,0.32153731470130342,0.32200590367344561,0.36801568021784403,0.30799733379150679,0.38475342228764225,0.30892030046854141,0.3268760872549813,0.34486897749082918,0.30036215141867684,0.34017269750299778,0.31564667704283306,0.34756251841608898,0.30683706787831572,0.40170418343558406,0.32212418688304933,0.30889922797124519
1428412035,0.36164608867053621,0.26739173305282798,0.30054926241758834,0.30731195120032839,0.47790284165102581,0.28129358149392641,0.27348466127228699,0.26920670289124932,0.39769327677594635,0.37527871741158975,0.28207660789326461,0.29490972394633724,0.30940824004967604,0.45567388886959737,0.28828647395657314,0.26370648209710729,0.27671084014585806,0.40004457856392606,0.36236982973818849,0.30053749726740953,0.29688979863217874,0.32879656830722098,0.42931294789603486,0.29666795003940499,0.26553928364301999,0.29546297049438791,0.3898507447963343,0.36726156188477349,0.25212914395835895,0.25416619968862847,0.28510454700034016,0.49050543272988761,0.28574309272773657,0.30186285220165709,0.28161229645091873,0.40372440749774596,0.39359558599672612,0.26401566096333146,0.25962365517410291,0.28332940617829999,0.46464741064316539,0.28951179777458685,0.29148577945465382,0.28167997558791863,0.40456935061867522,0.37045567211531688,0.27977827840079678,0.27090505572667045,0.30810803428185424,0.45735506004206983,0.30217371136126836,0.28509976612459964,0.29534646559639777,0.38363075748640885,0.30063093848073069,0.28565020674383179,0.35404781360623144,0.27066728164859205,0.4005014371612397,0.29229441139401996,0.36996099599642346,0.35130391666997302,0.35112865849406388,0.32646847390406686,0.28572712692972729,0.3284784483201979,0.27819546256192407,0.40219299306274481,0.30032005671474415,0.35102270565082699,0.33793352307735158,0.37029739411729373,0.31984154528729175,0.28712816331032692,0.32324131720913096,0.29577406677644552,0.4031412191530388,0.30995860954985605,0.34180999077928276,0.34842791762701508,0.35560969700690159
1428417521,0.39626178428162168,0.41365327432472349,0.24171827853606895,0.22081120370035295,0.39586860410949959,0.48977367120868237,0.2583018223090196,0.19371218747217545,0.25268121555133,0.41867169350011763,0.38637454922612896,0.25192018338283351,0.2225432357047564,0.40954248932507104,0.47769091556897092,0.2500379918561994,0.19932617499239744,0.25352683027370077,0.42544477664182756,0.38088941699614798,0.25440468715552339,0.2280071580651491,0.39587457878560972,0.47223494358516099,0.25529928216324127,0.20785327870484727,0.26288351039530022,0.40839172959392284,0.25263850530457871,0.1637813111591884,0.22744574944271567,0.59747264426067481,0.32879970495075389,0.20354117129190755,0.16074004407924794,0.39810162508911395,0.454333062652512,0.27296476795441493,0.17172489508740504,0.22529568855264739,0.55403496997232726,0.37145788626293647,0.21369036770112035,0.16898681480898664,0.34593102964186151,0.46473939444286361,0.27069036955598264,0.17925069090161225,0.22535203690574832,0.5340475569191977,0.3802277799859643,0.22131811068006288,0.17431564451976042,0.34450260996387216,0.39078409887146892,0.22408828649067261,0.27172938613032666,0.22481420433724644,0.59304496118806427,0.23992592328699119,0.28915663174751388,0.18906470352943588,0.37956571758603053,0.44534021938021906,0.2356468352203144,0.26929561921399697,0.21987387374912773,0.56641704769365364,0.2734719572903514,0.28724258589261359,0.18815486170466236,0.33429366667721894,0.46886040512686727,0.23493538071540018,0.25520615798609336,0.21758571447544489,0.55801835680895284,0.28294429536022547,0.27211438432289448,0.18456044044563955,0.33608152868222407
1429277500,0.33005281571709849,0.14402798564042849,0.3869418607208045,0.13727596629051228,0.66441838248950513,0.17031018649970239,0.16118097050983957,0.15743145833822336,0.4248894280465253,0.30398435514122601,0.12607905122469742,0.37684804119519749,0.12254691724418894,0.7221604824165806,0.16190726871127994,0.14908478549049231,0.13277021292635954,0.38351195693114504,0.28832811986902479,0.12517435507789054,0.34142658031857626,0.13977778240119904,0.71301148078021748,0.19221484487925924,0.14928814258761264,0.1482616344459953,0.41891278584955449,0.34428623663361047,0.20604050769762908,0.29963131508646479,0.20587797007977443,0.54278536014325396,0.23698735389832529,0.35492122175646806,0.28938740675122637,0.38256569453894212,0.34474774267732389,0.19388744237763658,0.27446550592986912,0.18864079868379507,0.59451958629824464,0.23801163224145769,0.33335122049615179,0.26186765733132994,0.37794071361655363,0.3375213406473429,0.20417864452158313,0.28201252469814542,0.20425753995550402,0.57568483952264227,0.26112078448670267,0.32516795556157863,0.26607393176004013,0.38342086805887415,0.29860191631563127,0.19259313023043664,0.48694740859355612,0.17713562530109384,0.43138577644110532,0.18554161659496335,0.48663802007323104,0.271671235586461,0.27222923094265528,0.33156733407949235,0.19342129369131919,0.454614186456401,0.17800024453483038,0.45222341543173955,0.19657853313760912,0.46725191337196104,0.26313902592037475,0.28909774966120549,0.32569056795859119,0.21100293972326978,0.46331260608826036,0.18900814441131827,0.43373710563870044,0.21295052540935824,0.46401644408986348,0.26900448828974055,0.27905244730073592
1429278230,0.30852310608643685,0.24926930207531234,0.34467392314493411,0.29034899124890484,0.49528414144756167,0.21383762027320338,0.32473162843845838,0.29541698507692471,0.39474157043092745,0.33026568596762645,0.22316172220684335,0.31666954779902762,0.31781072725870274,0.50306283606526625,0.20507575425110333,0.27272622761611853,0.30331840207771227,0.42229162371610263,0.31855155938645108,0.23548265204728647,0.32511662137618536,0.34987286880360513,0.45784742882934271,0.20926439704425137,0.2852254492923848,0.33992001450436427,0.4057658662945402,0.33347556538334244,0.25400257659826675,0.29592120266306488,0.27861193185434024,0.49524220686957948,0.23259485797336188,0.36057785689238731,0.27447873828974295,0.39289003489313679,0.36692852809314175,0.235855918162371,0.27681621844283399,0.2766048353305306,0.50879643018399179,0.22919069941075634,0.32705511217232508,0.26554362823462069,0.40953305884261271,0.36183731625389182,0.24986628172113595,0.28726958299590549,0.30065862048785624,0.48229979175468601,0.23678652490881574,0.33284628889035789,0.28591336030753817,0.39052159597883568,0.29681342173660663,0.28558463287919367,0.39666519209492096,0.22648749564700577,0.41305422858193974,0.24524292086552577,0.47869654893295382,0.24625058706388156,0.31804985729917207,0.32561281130673336,0.27394811202165525,0.38534450176829915,0.21709539272245285,0.4269014030025563,0.2403557283044549,0.46261703023041045,0.24324372465207694,0.33182858473476828,0.32390724147714589,0.2837223625624094,0.40243680559925904,0.2205687023903577,0.39308495566152291,0.2469050879974635,0.47987289949201734,0.24898873810177513,0.31020714506323305
1429280642,0.37658566939468041,0.29250942896958088,0.2946684607661868,0.28430409627267633,0.4681138907196592,0.30618572640668501,0.30879228272096554,0.27031029873213513,0.35165677363840647,0.40536705710855886,0.28998071062589925,0.28568113105959791,0.28843254842371568,0.44457475379727751,0.31661749120785909,0.30099149335465492,0.27297991120612236,0.3518158847100481,0.40554089853215025,0.29032562212450652,0.29859586659538845,0.28115233393355621,0.42802299486060513,0.33158545331626971,0.30640509323819143,0.27876065461179828,0.34394372975034826,0.37318464631638493,0.26866286523734673,0.37045098580200847,0.29135382763711437,0.464849159560142,0.26615822651166016,0.32056058211904276,0.24292158704703451,0.34312905931089432,0.39481531187570984,0.29419770330297251,0.35785710105019741,0.30217076807360965,0.39035064116326218,0.29905143476925899,0.3179354341371452,0.267349051132516,0.35190316499582641,0.35903474918364042,0.32730274647712349,0.37976553591334372,0.29731246165392833,0.35309673689362603,0.32944995356268586,0.33850938602730957,0.28481974444405472,0.320038905579764,0.3470099220931821,0.27190554271630174,0.38854673630292336,0.25052082736487247,0.43628575179047901,0.24862667455029364,0.44385706980358747,0.22749271932308684,0.30166156884725875,0.37984203475874062,0.29324407452819762,0.37226172590993706,0.2647693770787799,0.3831338598619502,0.27415957686881232,0.41076755200648069,0.25528688812478356,0.32432991772307007,0.34506882425017033,0.31558175117697485,0.38556238345842103,0.27135073608278443,0.35515424577999588,0.30212792514996628,0.41770069173181951,0.27781790663553335,0.29995597118796602
1429286906,0.18112634013815562,0.26155747365420701,0.50571206383662348,0.37272249760130438,0.26483839467426473,0.20847766284420502,0.36990784712517349,0.38614812532886594,0.32337233633008161,0.20908372774545919,0.26840870245947912,0.49294587667125678,0.35492342091840168,0.28683491166230052,0.22217591945554133,0.36645193261872017,0.37797370820696785,0.32632334392342549,0.22959755908597793,0.28674302788107986,0.47990776562734211,0.35199920525342021,0.28022723310557685,0.24529833204241785,0.34893031636398569,0.37519496670063407,0.33109858248068819,0.16369179118431135,0.24890748276129182,0.4392413152408039,0.38224999974990753,0.2497739683524994,0.19214636534384694,0.48663936056953883,0.33463427846878591,0.35227379131364828,0.19411188378001631,0.26202243817067444,0.42405618779274262,0.3671831687946433,0.2885689402567379,0.2095733832563684,0.46337028420971438,0.33189199113590562,0.35631491942548055,0.21853495643351625,0.28491795801307529,0.39722535801543624,0.36123002304195462,0.28772998879775763,0.24572142341180059,0.44289334131121821,0.34331777756451232,0.35440079675478992,0.21391339649516355,0.27661478565849584,0.45767132410521527,0.33667614571124393,0.28853762701584712,0.22372835506174926,0.47585346552390323,0.30196188604662821,0.32246797273976718,0.23674892273699943,0.28589848556441977,0.43532964546652719,0.33407483997961818,0.31829620039792617,0.23475514692339236,0.4442906396377494,0.30327344809570089,0.3395624814833188,0.24740505004371943,0.3034775617346715,0.42581626847338228,0.32752300439473314,0.30379733684648369,0.25491286779361444,0.43563020044388201,0.31588258006781206,0.33357519412726555
1429287934,0.32229596341335115,0.20963013430543084,0.20458577003994052,0.34082425443861081,0.53644542241424253,0.22707966233893453,0.18927145882396099,0.23937520755762676,0.51156715275544884,0.32475402132640685,0.20849403505631203,0.21954942963435595,0.31983174800081965,0.54903947261684571,0.22303050497478547,0.20250917702510746,0.24059477150218378,0.50048774820433506,0.32247286097672373,0.21192034754725542,0.23002894478601163,0.32122391341747736,0.5384860939595093,0.23107524461333787,0.20862224676053104,0.24691780558626961,0.49714001760535242,0.34567657069635532,0.21003178275702233,0.18391197581069646,0.32842362990633522,0.54562028239181548,0.24043758806315488,0.18091021417700279,0.23579599983156896,0.50086790549181148,0.34944299194108319,0.21454407216169899,0.17514894733492947,0.30724379160928122,0.57045014159421858,0.23392087890713009,0.1688285330768004,0.22618255203275547,0.49698144280091211,0.34195424108784178,0.21060763917349812,0.17992707604307329,0.31618100336051141,0.5648537106425976,0.23213957547600522,0.17222173184222214,0.23181434489851904,0.50002080811496286,0.34380377567083975,0.23056121340751806,0.2017181072844203,0.35684649604303964,0.50143184674288199,0.26924782614095549,0.19860947508821331,0.24117460951560121,0.4889495366317142,0.35235710694871325,0.21872632455780239,0.1843943297866428,0.32591083274858268,0.53804109201829786,0.25657705611534593,0.18028325515825544,0.23313777823540335,0.49558937341421133,0.34781160668783573,0.20930748449660483,0.18505242167809671,0.33750287472655427,0.53695403560488875,0.25207254642534577,0.17451985293731803,0.24157130814708544,0.49637765208839596
1429288190,0.37215252445521479,0.24380600390225582,0.22387479847675479,0.26022666923045662,0.55836983896629699,0.2641886308113201,0.19348133438394535,0.21530811060775823,0.4678227778198859,0.40546417725120099,0.24380081940568371,0.21705231114253784,0.25965329428952749,0.55958847837286674,0.2816883381194612,0.18982772687068769,0.22130679398633149,0.42910320166237631,0.41275671356688753,0.25750624662013138,0.23382921436874685,0.27950439699446095,0.5165403367643755,0.3075415932049228,0.21101873344046512,0.23846206269487311,0.40955437745777007,0.39706131925433735,0.24633433865162549,0.20240207560044784,0.27485617364896331,0.52253361406395427,0.3087310192198589,0.20596788153573145,0.22743119075161494,0.45016134270052649,0.42675969070736924,0.24426382175392364,0.1876762173797813,0.25929941672436918,0.53264463801343087,0.32856011608315805,0.19176148116116296,0.20960279947711327,0.42823466073890792,0.43558155215856731,0.26158308588218954,0.20421207114414749,0.27706409043156782,0.49680534568727297,0.35222028358797025,0.20420477399772016,0.22206356400720725,0.4018574431048989,0.42097660429396327,0.25432729971728824,0.21936905117014852,0.26801039697995976,0.51596941623517967,0.312707704327638,0.23347689497099916,0.22933855440392609,0.40868786506718269,0.4542768453749334,0.23959495871510211,0.20056880098015223,0.24579098434296259,0.54261159016588789,0.32005732741765563,0.21265570186056917,0.20647367479181808,0.38841714149752721,0.45931664871456557,0.25947302291359625,0.21743456569469355,0.25889650752664572,0.51113354872405248,0.3397601737137958,0.22739834900308709,0.22099717616283526,0.3607665610159459
1429294428,0.28571867684777985,0.34670189189917999,0.46337086249445025,0.27924082132892469,0.29865025221972064,0.31494308632661971,0.38105104694150893,0.32979003757643127,0.25126108962221366,0.29218292460482204,0.34778092898559371,0.46383049923762026,0.27321698085225044,0.29055542685391611,0.3130943562689758,0.3906673339963625,0.32202247178226756,0.25518880355450207,0.27995502799458127,0.33405198374494649,0.47495669683735636,0.28420322925558972,0.2735524071442838,0.29965069522988869,0.39021033128761584,0.34214348181960352,0.26406698659532751,0.22748714171848178,0.345101615040321,0.48048848915843972,0.29573235635095274,0.23715584383522303,0.27684386509360692,0.40789068876423118,0.40053804732108483,0.22613421867609215,0.23513354996943506,0.36925665291378257,0.46619445259510806,0.28470399782172934,0.22857624648739025,0.28806408589314619,0.42644163719449935,0.37786057674572343,0.22385036603780475,0.22895760239841778,0.37922069341170539,0.46875697806281247,0.27737422679483392,0.20973400084673494,0.27906672807652483,0.45314136666933563,0.36328524793393763,0.21890784080318448,0.21096723166259515,0.31230877984803657,0.46039583984308774,0.30253479674291012,0.22208810412260321,0.25226034017298338,0.48507956314923029,0.39906392605027985,0.21668364340666454,0.21599616548567241,0.34101791455527475,0.44573836330747413,0.28539807155459257,0.21333014669124953,0.2624693248824958,0.50221040646687753,0.3814624060174292,0.2116339273218466,0.21815473551103956,0.36315578388294584,0.44544358521358401,0.27655830626327443,0.19826123302015924,0.26101389288811633,0.51637433714986136,0.35811851523812943,0.20807401281404153
2419777,0.36266496440047463,0.25149124644347887,0.32698446536858228,0.28165724159660988,0.50339032233737213,0.30303826418757335,0.26489915646311157,0.24675963410772242,0.37773102505893885,0.37827299491530963,0.23413381471701616,0.34580225577764429,0.25286268221261432,0.51035236582015386,0.29356623150499384,0.25075670807744799,0.23083280745920445,0.39467550765511117,0.36997992736761515,0.21998256811534284,0.3429058599765315,0.23990666935426833,0.52285738918772418,0.31652990411242238,0.23820313975724108,0.21713030916386983,0.40264814232719254,0.36539916805301786,0.29396586408416109,0.29880014101293073,0.29785782025308866,0.43238750393345893,0.33131478932365416,0.32331076797918273,0.28391086859493114,0.34670307791596816,0.38062409872510278,0.27787072302579485,0.28212587635338304,0.28365098878934863,0.44944204960323003,0.33625093084883378,0.31273165844844603,0.26946855354360683,0.36384476572560959,0.3770570765277515,0.27346491546838481,0.27350618645456198,0.26966230515614498,0.48043625445484567,0.34578037770202419,0.30242638038945935,0.25655914611613323,0.35756694410704964,0.33382312377170814,0.30256588495526876,0.37731497039604306,0.27966649168273938,0.38637575630698745,0.29349548148078469,0.41879416659362095,0.26664576846965532,0.30744385144315073,0.34384299532077661,0.29834895692092017,0.361723723710213,0.27274555796149136,0.40123177603205157,0.29823366570705973,0.41561668483933845,0.25760630478132895,0.31384263293552783,0.34192642166439802,0.29699309869996277,0.35362697564519152,0.25990505581633672,0.42126691045464293,0.30060191771814138,0.41923486463418297,0.25461532649971269,0.30637326228803846
2419784,0.35901477373236956,0.30122923927414852,0.31681427955932379,0.3314249767236665,0.40999096391536172,0.31676328532658138,0.3034214659749595,0.29558542973910767,0.34969790332055062,0.35984037098729971,0.29338249916723952,0.31454947335184202,0.3384950993386166,0.41066999368306462,0.30831759899364403,0.28837655062085416,0.30638232285740058,0.36080542588896486,0.36176594069615026,0.30734393415738581,0.3064406675835093,0.34349988785961083,0.39637767113749928,0.31939863598701468,0.2890719063953967,0.31137546929534021,0.3508832414987868,0.34675999021088622,0.29377120901859349,0.31587755055435124,0.32521744586819268,0.40550930969288584,0.31232112702654963,0.33264647551114701,0.30529726543807123,0.34938314249091268,0.35176967288508587,0.27976643426463305,0.31386851842781943,0.33648087050653797,0.40231111703986083,0.31298105312184682,0.31637847080180564,0.31365372985539097,0.35772983623953475,0.35478180777519208,0.29743200067565273,0.30785696684821312,0.33091858869348606,0.39557548588055891,0.31828932613860184,0.3207015367065924,0.31897676325170832,0.34495989828610019,0.3442180801115583,0.27736019803270912,0.31555844688614021,0.31928003060699178,0.42629934337267228,0.29901337670235267,0.34265424889172719,0.29608909134502592,0.35615662187836866,0.3504880244917965,0.26989475778342159,0.32014069964320913,0.3242549140738662,0.41191385563266047,0.31023722424293115,0.33791339908804674,0.30602755910608465,0.35060682555458328,0.3585236723197171,0.28242158757424407,0.31976171673612586,0.31703177286554163,0.40563591946367916,0.31157344112018931,0.33831518767377849,0.31498714402313288,0.33711947187097407
2419794,0.38719788385423892,0.30762650836024474,0.30488099058316265,0.30587913146793616,0.42576155020440737,0.32722099618896966,0.31901921985819104,0.26436474183793979,0.33003149880171412,0.38975647610174907,0.26384966664946857,0.2703755009730946,0.34707211983633152,0.46308800140462347,0.29051099338459568,0.27088823361868153,0.27054296981059273,0.37348385559090641,0.3811898382759481,0.26117801005582514,0.2828849651047774,0.36008740460554489,0.44708920659846968,0.29025364994465219,0.27175938036674679,0.28742616306289348,0.36904010080580407,0.41568355400011331,0.23114835431128961,0.18779246782117781,0.32598830006843565,0.51767946381626007,0.32334274920380868,0.19748667997376745,0.23629372946878263,0.40603563891877775,0.4325418697071548,0.2211306246857489,0.1772389477563189,0.3087527077867418,0.53439364880961726,0.31311801605167439,0.18957088665305952,0.22551984774851044,0.40847410963676073,0.43260828551399133,0.22537563541023556,0.18412143953307361,0.31480746566583767,0.52081183514268858,0.32456182734337385,0.19703738025631759,0.22972058568398845,0.40108703762770725,0.33076143238303485,0.27985539551755401,0.33462545093530732,0.34524874675033373,0.40398783743895017,0.29870262272629233,0.3039975841957776,0.32151316643080258,0.36454389463122716,0.3793469411120523,0.28948235739520389,0.29046103969207338,0.31209769852725944,0.43691117505561544,0.33427763994259641,0.28071004329255173,0.27894180235275695,0.36233091026170289,0.39531401365141972,0.31132055854841528,0.28047222101665992,0.29743087555067677,0.43609194927879197,0.35251161660474389,0.28262110511408206,0.26042530253958973,0.34284089657742683
2419799,0.38981982598395654,0.19850965814113603,0.21467830605910523,0.31077047964035109,0.5693500623215122,0.24124038488730895,0.19539564331527279,0.23489180678184249,0.43618722861671744,0.39400249172266294,0.20444981836786716,0.21588501603851074,0.32722274560701514,0.55371495797485581,0.24163907966156709,0.19489850420928609,0.25190118188137223,0.42761184392648971,0.4185998259164197,0.19039328070152309,0.20498955950112593,0.31821137512802083,0.56414105102952727,0.23394430971194569,0.17461923289835027,0.24980654482709799,0.42351518778521585,0.45015144800029655,0.15458792664200152,0.14220776731691157,0.22088633076278547,0.65893289664860333,0.2175107550070694,0.13783093712752545,0.1542160407697688,0.4244631486170734,0.48687905937635972,0.16918311349737375,0.141868572722401,0.21893669529903068,0.6378119690562849,0.2430796062621996,0.14282377591273232,0.15637347399123563,0.39436375736120899,0.50868169853394052,0.15503592995526103,0.12708948341920809,0.19906366270618628,0.65159289575058554,0.23481334539505841,0.127632694505875,0.14355260860061339,0.38055306010015799,0.44258414286102948,0.17945818300214228,0.21456182676129862,0.1965820490761612,0.63472407124362906,0.21651280128629125,0.23375703720691929,0.1683877579082223,0.39304390621139335,0.48213577205490593,0.18882993704714909,0.1991655325411105,0.18581181584208323,0.62018302832761263,0.24578417474558775,0.2236860196575666,0.16234142935146334,0.3691454609399149,0.49773919427591795,0.18219486400086055,0.1757213481082206,0.18034681870706687,0.62974069798975185,0.25039059736991659,0.19829291830169474,0.15616269963433305,0.36425550833351306
2419803,0.26623889375218346,0.32522590360522519,0.43692237085183844,0.32781617217602782,0.27674397090669411,0.27510244713881316,0.41179257606047998,0.35159928985162242,0.28198685494584036,0.2685141393419076,0.32632707180464293,0.4278657972466513,0.3204839887733435,0.28547874592906625,0.28201949006270682,0.40543550496680614,0.35789165032167042,0.28659060451122897,0.27948514936973595,0.33265276955967027,0.41416681842908865,0.31019288954793955,0.29107879700586692,0.29361409827681384,0.40411615552993108,0.3540986673455021,0.28955924783734727,0.26846737608206428,0.26815968245059119,0.3075360182912068,0.46285159240928231,0.30869198569409645,0.25646045354538749,0.26726549197288285,0.42875068816182393,0.36178024208939469,0.27168035949365255,0.27370069179625522,0.31745221313313371,0.43979439593197844,0.32176194163716099,0.26240438479882394,0.27793047233845103,0.42088380303859058,0.36098110091375019,0.30412873644579225,0.29493984718393096,0.30074149614770601,0.40237016209570658,0.34126995470921845,0.28635762915484059,0.288761400871414,0.38301613033738502,0.37365574867463586,0.18436256706457926,0.17521954541321155,0.23077404418884959,0.5830259316046309,0.25374463573986022,0.17476808878392161,0.1784879409048121,0.52200361137015738,0.3779639006390102,0.19314334668339231,0.17879812165836925,0.23131487690714719,0.57047002676745184,0.27606650466472132,0.17740011283931248,0.18295968583758287,0.51112025648202009,0.38650041096970073,0.229479207550745,0.20148639256841355,0.21700838664028957,0.54419433170353548,0.29218424125942211,0.20254697593578652,0.18732292683425086,0.47694474495913164,0.41777904387139858
2729310629,0.3214747333149614,0.22173528612734392,0.43763775819197098,0.26649795538423426,0.55511513141543667,0.22037254557244798,0.23185536061000916,0.22995614797358663,0.34869156467314122,0.30751307158023489,0.1698635912854764,0.45543096009408029,0.21220669438639192,0.6604452848817407,0.17989622540419126,0.18372464073887279,0.16768786077757478,0.30611822597919919,0.29091609803360352,0.17448760595816426,0.45270944582342937,0.21638764391244461,0.63403849662774547,0.21609397495104798,0.20145218625123251,0.18875574544088872,0.32899734139089248,0.35556754696495413,0.27702040231266584,0.29510645160728233,0.31541345033874513,0.50252499640999038,0.27703600243850002,0.23999409474977604,0.25336179042280393,0.39898400644923282,0.3425123573760171,0.24041416251947106,0.27082866524486865,0.27736504683752011,0.60658020802323587,0.2767963984011711,0.2266538525757342,0.21244042309320718,0.36544225596690788,0.34058841186829564,0.24019925356776944,0.24458615954934476,0.26684075321672024,0.60355420252886949,0.29963409728376694,0.24585500372604258,0.2236520710975973,0.36159956048624875,0.31936996629919195,0.25556127707481913,0.31724562047504606,0.29883038271503759,0.43474571619943531,0.31388959792296839,0.34592503234887462,0.27177234764398761,0.40210943770128837,0.30651529367267621,0.24085150866589095,0.32299607886913689,0.27687836680435923,0.46574793257208164,0.33978066304015603,0.37619820323292968,0.25345721722209225,0.35904473225708722,0.31907098988094168,0.24540816559530493,0.3142864777531289,0.27721938454695405,0.4662635797512657,0.33374433400849202,0.37130790755824344,0.25949486597780164,0.35825658793538845
2729398997,0.35287919230178377,0.30349218796812311,0.28634898271908393,0.33744396860659043,0.44400169081433494,0.313793437408033,0.27101327087158927,0.27742043335241945,0.37615218696374381,0.36342295137295499,0.30094848030017268,0.28305570635388599,0.33953130099553686,0.44243619163693865,0.31071206715043087,0.26158508438317196,0.28951933287284448,0.37069090351838158,0.37899004943207676,0.29487834153968462,0.284284424685746,0.33386558564503527,0.44077923343693226,0.3162351424841216,0.24869278740197909,0.2948647423525747,0.36612171493980211,0.35260548917862705,0.27212493491936141,0.255292266685619,0.32146421496355204,0.49860696475210825,0.29642006473146154,0.23620596870277089,0.25550985784175961,0.41898887679324687,0.38160529962000955,0.26932826790472131,0.24686443587703427,0.31472038947256881,0.49623427375097584,0.30323672334261409,0.22649727361330688,0.24671567819360862,0.41409911955626838,0.39339050250790669,0.28074335756429691,0.25574002181571664,0.30915863583232633,0.48305960149360722,0.31530458731276956,0.23216610393150297,0.25444560819774964,0.39247650883401247,0.33430286993265618,0.2122213043840763,0.24575078431395969,0.25415101600226336,0.57571621679436469,0.23636563916890366,0.29353441114944723,0.22598987004622487,0.44007470620071892,0.36330484857727235,0.20781723780868783,0.23922874427110619,0.25437198062672006,0.56985234229745496,0.24497576712266311,0.28794656316564715,0.22379296958304087,0.43028447083818949,0.38378729635709041,0.22422551296500584,0.242991933353946,0.26069151392208545,0.54693387610399824,0.25606291406342191,0.29433314753821815,0.23938420916807016,0.40839120686871622
2729466735,0.40206773596974871,0.2882145298855095,0.26335406591034921,0.35823988567998677,0.44328173114825298,0.31346555026196493,0.23384541762205213,0.26387099171212491,0.3721717322242617,0.41924858681775662,0.30296509997778276,0.25956113018423721,0.35385662007102997,0.42693820622339945,0.33114462293518448,0.23457722145851442,0.25798695902436408,0.35544271653613585,0.44896209375015778,0.31959659649480882,0.25110198099767861,0.3229306237040877,0.42333997120230649,0.35480498763610951,0.23137115079303211,0.24301883734500385,0.33355743757936857,0.37557124981843809,0.30800395525933166,0.25664314263685989,0.36497493438422429,0.39803272753849611,0.35574604611176303,0.24059506829999749,0.29342955259500642,0.3688294810005367,0.39592197015104136,0.32030396741199518,0.25131232439439466,0.35169193458764542,0.38675602593190139,0.37383400380272158,0.24781667503801125,0.28424519156188027,0.34966487127367213,0.42366805603610624,0.34249794515580606,0.24662171590686863,0.31693522657893802,0.37188113278014617,0.40783935052941539,0.25148546078487927,0.26509414618262583,0.32215206307517669,0.31919744822444973,0.30822006198131774,0.32400970438299564,0.35882917219487442,0.35763955586182467,0.33092082544309342,0.324732761543846,0.32155362337222954,0.35087028492937933,0.33961314282464922,0.32006706193259854,0.31853798587574828,0.34486144279071163,0.34623072752635864,0.3536575194003066,0.32511919950593793,0.31419448949648188,0.33534173208199347,0.36781136782933893,0.355518840752585,0.31621751706637835,0.304599593819605,0.3246899880375399,0.39106692698646667,0.33271057081683819,0.29056541971049554,0.30342245162102577
2729490129,0.39917604567544573,0.38149757230439302,0.26946791553123306,0.26253286988314417,0.45390703902148166,0.34907632464394522,0.30879942497252222,0.2153812960149096,0.28974045667765347,0.40407381467945985,0.37094742490995952,0.29403733496089685,0.23212654250324347,0.47393312259661086,0.34603376035042188,0.2901456196036456,0.21215522383237173,0.29195095328443021,0.42615702981934006,0.36794207534185119,0.29050722688272956,0.20880639112618302,0.43470096022911325,0.40082471195549846,0.29792116111975703,0.2085650260598354,0.27043016331325981,0.42384575296189753,0.34535242105355124,0.23077808676662559,0.25995766865702791,0.48290034032889184,0.31920559997041587,0.31594215673134413,0.19784207196955003,0.32588965860936336,0.44346172841737702,0.35253424041764636,0.22365318866424522,0.24622758577505821,0.46550991054285468,0.34014752262502557,0.31261745280809161,0.20902681533873646,0.30755621115656195,0.47586913199873571,0.35792741793540878,0.21458249250502268,0.2175983702816692,0.447921523421691,0.36923582477382555,0.31677057956087806,0.20356782458388495,0.27072048250264624,0.41389788607626965,0.28104095699778125,0.22450400523990957,0.26885559657152269,0.50135346632687039,0.29806464816756567,0.31299517799443949,0.22087579514648745,0.37425819775274111,0.45140501995411431,0.28641517369606312,0.21337502315929838,0.24675098420190791,0.48646558465472162,0.3356856079147208,0.30198547181427526,0.21245755250021658,0.34945367103791392,0.48491405247936697,0.29724280361140809,0.21100700809928905,0.22664534953382331,0.47429671334885815,0.35533676196043074,0.2992018774698465,0.20973226982798493,0.30964822107166501
2729552805,0.3414069388668835,0.30825158593873281,0.34370628273054132,0.32936670371316557,0.36607360439494446,0.32234132259430165,0.31648039616070173,0.32891492541651313,0.33992225086822003,0.35471061416566796,0.29609969339739473,0.32918141075408719,0.326035120210939,0.39149106584813331,0.31522676425878338,0.30182301668828482,0.31826162036374533,0.35612537252655291,0.35178536263503751,0.29028992241303792,0.32339616618899708,0.33289030966320282,0.40651095324997399,0.30525771617265585,0.29992377515597735,0.31543437149252351,0.3587355971607798,0.3478752823878325,0.28624194593167734,0.37053984402213025,0.33012985163941755,0.38377312096992972,0.28600157855096559,0.35019025169096951,0.28677612419123516,0.34177530582733129,0.37021650343297918,0.27691200649599762,0.33568279355446157,0.32451672195127462,0.41765235170744619,0.28095638137789758,0.31454304598073629,0.28643706803037794,0.36593979157011108,0.36383993573216522,0.28275404740768756,0.34028413758023773,0.32612769621695709,0.41994044674213316,0.28119765016049286,0.31114267100000337,0.29463179084227231,0.35563790318652971,0.2685953112281188,0.25187175891604058,0.43149747264744603,0.34564515825257336,0.32083547895858194,0.21846767726444946,0.47692030685546061,0.27691383455144386,0.32242633129461618,0.30704734487884844,0.25709331754129033,0.3957564529115194,0.33792342021396549,0.34642655187161353,0.2314460722702055,0.44518342308719011,0.27513991032904705,0.34833983893821474,0.31878717662497524,0.27846507804571036,0.37987736045181558,0.3295978777561448,0.35634611000754579,0.25870561574966666,0.41804694932472092,0.29190960623508322,0.3376458775864154
2729652741,0.26726262871867429,0.35907162145757149,0.44997425873032038,0.19617062220795783,0.387708413753239,0.21934871183146826,0.51805666002155326,0.21160982355479085,0.21699169171001689,0.31534329073342671,0.37472847784793867,0.41125348795526717,0.19600344628203048,0.37113395893317408,0.23431875205434161,0.50482776064479973,0.21209049646815456,0.24517591262373786,0.29142257206124939,0.36564308944359952,0.4511903655042796,0.21608897305903316,0.33258395318618938,0.2530018036773562,0.49547159724288542,0.22414423492636779,0.24648745161900443,0.24498141128968326,0.32805656053854476,0.4289417178648956,0.1963696863674044,0.38779303000579568,0.2190730964647272,0.5368416305986613,0.23715344601255769,0.25883157251053113,0.2593857280177691,0.33516097744795148,0.44434761836360498,0.18457267040650713,0.36822540317874619,0.20971858672785798,0.53376950382463084,0.23410569874695783,0.26379361801481699,0.2476679560948134,0.34449019814085213,0.48135808552464848,0.18792503777191286,0.31919602710338407,0.21839503545603237,0.53021247018502327,0.24495894062674994,0.24950551745983848,0.24535793981795417,0.27180114840367664,0.41035881270741154,0.22588914174136071,0.43056988017837339,0.24492900718249899,0.47714802999924816,0.27302617819621372,0.31449824566387113,0.24866095760615126,0.28410900571248859,0.44172805686097821,0.20632815992957615,0.39799710540408983,0.22404431899709895,0.50094947548966828,0.26996676694623073,0.2955076921807287,0.24181823087083837,0.30001663498420844,0.44210729963266893,0.20033685749985591,0.34996267509063778,0.23411969238480948,0.52896483276991446,0.28383938175433138,0.27976011205999873
2729663827,0.29404060983386165,0.26557303413809341,0.49628427495761485,0.26209552552221155,0.43784754768697115,0.19078608033453573,0.40248837104763852,0.26923441712480295,0.25578318305835668,0.34979649725225809,0.27248747458676337,0.45336672814457107,0.27485144302301107,0.40261197309577351,0.20097693904144612,0.3876818144066998,0.28370892757147165,0.29838259718030719,0.32504549007638944,0.26303700624301707,0.46017412909936428,0.29835877237895037,0.42588952703335109,0.21923815184351961,0.3553510883558671,0.28781612263861389,0.29294876638025918,0.25625670320087746,0.28520893599295616,0.4803920746159398,0.20067583387228963,0.38759056739361469,0.20195863696287991,0.51268526976194007,0.28671687338344498,0.21418335553144399,0.28368870144568209,0.27853122594584845,0.50989290904522233,0.20102569462142181,0.31822763107037938,0.20135677698682233,0.51662226759270791,0.28474528275687611,0.22747994152524606,0.28770800006811253,0.28127817280067463,0.50317467729703846,0.22123394353008075,0.3448394981950722,0.2209213441930023,0.4777620961304907,0.29037671664675263,0.23596966781152701,0.24510306179164282,0.28073970242797003,0.44622974682593097,0.16376681738626903,0.37157322699028733,0.21155760200385942,0.5881333222466234,0.26688189733843515,0.18766745889176059,0.27422621460230112,0.26994319101876707,0.4843466549560293,0.16910723036020503,0.2728608544701171,0.21366588310190068,0.59774466632936341,0.27043604700265444,0.19545122992017425,0.28895183573088762,0.2638536861003577,0.44334426497145762,0.18624946880527099,0.31489094736406104,0.23920376285087169,0.57662987150769651,0.28536304345099894,0.21292301157811974
2730271392,0.36320851544442723,0.33540876244038709,0.29329831558839592,0.33249281799078406,0.40701197760421109,0.34107532733660206,0.29254858295396158,0.27098605820786192,0.34350528765448585,0.3582394029448433,0.33080829708265191,0.29146019894003772,0.33524490581296618,0.41869029226731475,0.33328750921764982,0.27947122769310523,0.27198284744197659,0.35557166179103061,0.3654523102988646,0.34874849794085627,0.28609410863991458,0.32484100012850969,0.40512811398314252,0.34879189283181394,0.27733211836916849,0.2741764695953296,0.34579926112346543,0.3431885873352003,0.27490308350974058,0.25988209367331172,0.33044915863770014,0.49049599997094673,0.29086922446619906,0.25951667071367152,0.2679309747452242,0.40692427194476322,0.363903254496177,0.26685263433059908,0.25108274844683665,0.3213897815964093,0.50018406636638324,0.28712181671037162,0.24800679557266286,0.25619978216500472,0.41262741157192451,0.37461011176004483,0.28334585364841658,0.25190870099337109,0.31510452199622579,0.47888489210092738,0.29577574425174885,0.25297722946977241,0.25910610566829978,0.41071403440452448,0.31101437533666176,0.2520906997018833,0.30343832989140818,0.27844312812591837,0.50550203454164344,0.25804414719292368,0.35101857610192194,0.27682103361154636,0.38490502980449121,0.33965449327380759,0.24511498600517409,0.28351606513314292,0.27268975509286092,0.51307406476229966,0.25701059509347035,0.32936818342747387,0.27106120371868014,0.39819008105107651,0.35156633818357513,0.25998697604237647,0.29649432479155785,0.26260191955009798,0.48449193548607777,0.26049988224177623,0.3418535673423172,0.27856533552496476,0.39355310811979399
2730391894,0.29271540831764226,0.33291628004081564,0.41037153627269796,0.29096967537391855,0.33454999655156181,0.34423913573123188,0.3593158326749617,0.31360276890957717,0.30419965601885302,0.29536560298259606,0.3304094010033497,0.42948648879880758,0.2762582892408908,0.33587968611056551,0.34808789069000268,0.36813277708416881,0.29888617774097548,0.28978691299138148,0.29032814252003974,0.31277478765631511,0.43010138279881294,0.27861676067841046,0.31601759831877224,0.35115650243072422,0.37780403221694486,0.3193451355172448,0.29558716958282427,0.29988173323804318,0.32269442174818419,0.34655142414503448,0.34220127959981511,0.35656076375426005,0.2967711299427262,0.36083878861630553,0.33048328254374404,0.33779746608618194,0.31098838851621619,0.32851727782398732,0.34287344473668718,0.32757538024064298,0.35683490240448218,0.30543486754880872,0.37447973313394617,0.31852678486840924,0.32890544556101303,0.32080567786222747,0.31853324867145116,0.34075747555874236,0.33009752882066717,0.35907086821519801,0.3137672664387271,0.35943973479108082,0.32213336385544744,0.33195124338688292,0.28543929778576521,0.28589470976049786,0.39489348664057528,0.33894421199379587,0.35920842833781397,0.26851482916128755,0.36766277897131627,0.34366808328676601,0.33399099743936272,0.29717919252125163,0.29596823731586169,0.39787243876108236,0.32450044275753975,0.35905394681092562,0.27206368071589737,0.37723431785949418,0.32893899298243623,0.32716865229933434,0.3118811712465448,0.29731375693956286,0.38983942091006785,0.3316495911791183,0.36582056741224372,0.28617154230625674,0.35813485100143477,0.3158620236977483,0.32957578471755133
2730426066,0.33967430218117006,0.32676063504566427,0.27418056800533297,0.28153096295858382,0.44196892162560436,0.46516102177524427,0.22916491134152303,0.21437650141226491,0.33649520636633884,0.36207383975411889,0.32825877060647979,0.27035553058601458,0.27471075494627167,0.43354742327458001,0.47441758297638748,0.21996641522362209,0.20185910289612621,0.33229933745025703,0.3971645851380291,0.28403561887730955,0.29539855882445504,0.2488680806207445,0.45543109577397167,0.44843641792796002,0.21229185725308417,0.21373700788424876,0.33633965331787197,0.38154845014432387,0.31488790246167253,0.18579245928564569,0.25560737738655737,0.48221428350389239,0.43063207283009897,0.23816024495218477,0.22216409508224319,0.36243705457661235,0.40170350390014847,0.3059986489730237,0.17391219478911391,0.24219814944582058,0.49933991747611534,0.44180563176238369,0.22287529599057943,0.19967545042358797,0.34930997335433461,0.4275090287531037,0.28736927717459443,0.18470907949808502,0.24180952158510027,0.50167702375997247,0.43531662336140275,0.2223305560749668,0.21915419949169235,0.32159879544966541,0.34491612284198181,0.27751217509135101,0.34021456215308482,0.24279478381746328,0.44082189478080763,0.32108764895893666,0.38431585443944816,0.250374675683396,0.34859319015296691,0.35775676847032589,0.27569305361880725,0.33107704421234019,0.22909586770550278,0.45258996389975037,0.33620242265341316,0.38730618125756222,0.23480989730215804,0.33300898055647277,0.37713453468942265,0.28405039515307129,0.3292541927391715,0.21908519011233238,0.44733171114871328,0.36193489759933029,0.38562103972118433,0.2364081861736764,0.29151896608329458
2730437774,0.28521870275967626,0.35256462471552441,0.44793337882258694,0.28786398974218225,0.28670764057082587,0.32597994244240591,0.39562081195791649,0.30939607725973001,0.26482545983449135,0.28947516049463545,0.33815461091330301,0.45633118249972815,0.28397464529602012,0.29919552558378842,0.30147760587676287,0.4005278320922383,0.31164261335477028,0.27390775761318503,0.2792274260692329,0.33706837903096248,0.4576184670943334,0.30063693637486699,0.27083946357067407,0.30095373350020416,0.4058204936823801,0.33313219029998903,0.2627265091933712,0.33214729958259664,0.35236874772797688,0.29457679022870659,0.3442101272036478,0.36044960977723439,0.36489222416047606,0.28992550756868202,0.33823373164452653,0.31421205329959478,0.35315208995055336,0.34558548961531971,0.29670491909891622,0.31748446947866471,0.38316361589165598,0.35082159583620082,0.29820262369250439,0.31799625666919479,0.32724224600247315,0.32988890918709657,0.36918576972669176,0.31513559902532956,0.32899746609554908,0.32429687867313356,0.36382949441303952,0.32263717203595804,0.34410499073846079,0.29543532095390518,0.29171156153902383,0.34304654863962958,0.36004516289214678,0.31805085731198479,0.30639469758642973,0.32342027716829269,0.41247111016885257,0.34982362555461943,0.27467649888521278,0.31344462409933388,0.34919516345318652,0.35593792920674677,0.29187941772863568,0.31287966608192841,0.3289904544727798,0.42422520393422619,0.32496994216988179,0.27609581183143217,0.29373301422839382,0.37244633089628626,0.37592535537944077,0.28476497326093153,0.27406759073209569,0.33216664038238958,0.44289671076389825,0.33153026440248751,0.24713587099390028
2730470544,0.21284267685637737,0.33812437186234001,0.53993870972945823,0.21454800746990826,0.26588951770511893,0.18362164335860698,0.56443114633517977,0.23178568333051555,0.16150529351221282,0.23192266854683535,0.3421469232119132,0.52364037146428977,0.22422618034001157,0.24052013176596651,0.18671871405881621,0.56895578685280057,0.23815567759012687,0.17756152104264411,0.22997488122387344,0.34872688256110035,0.53566101203881955,0.21188062349646508,0.23692830892268299,0.20087978031826911,0.55409012410873026,0.23653198525794311,0.18499735453503316,0.22690258984343056,0.33006852543495641,0.49562471369640271,0.20048551371654258,0.29009895851506096,0.21820612017377347,0.56993027289426867,0.24364393597009906,0.19436426629957462,0.23821186488292501,0.3300683127911726,0.50805502941025682,0.19729251170910522,0.29470297907246079,0.21020344011667411,0.56323452468972968,0.23115181145205216,0.18858984338887777,0.26085480593632143,0.33668790157735806,0.53347763180961583,0.18852313004729815,0.27867178270439968,0.21498062332826026,0.53122016668891625,0.23058745056903079,0.19803178177111652,0.30971711139334579,0.22326611027632956,0.34306343660392724,0.19695176923024635,0.53415125344155012,0.23718289954969646,0.42682819080393758,0.2103982713344002,0.36016938135098553,0.33793868698026541,0.22092193767994434,0.32028715930268875,0.19472940679555722,0.56273651573436867,0.2434253252310884,0.4063396986368043,0.19927035959686731,0.34020377331632184,0.37477042088577378,0.22947197944468628,0.32555788454646889,0.18948487454097324,0.51862858957283231,0.24837680233775308,0.41648823979100036,0.20538106018624649,0.34450947807613347
2730473700,0.2574452417207338,0.31007297115766808,0.51988887794870187,0.22658170868740232,0.37441129246815441,0.16763519089699444,0.50792245250739598,0.23867389333779035,0.18087877875603106,0.30946989088530136,0.30645415296033052,0.50729136335691216,0.22419044347303743,0.35880954558945427,0.17898040298707266,0.50050023026743207,0.23217246452098875,0.19371502558338513,0.27019904703643638,0.29469994641969943,0.55526136750691024,0.21399163933963281,0.30936422094181404,0.18518855923287522,0.50741247541707879,0.23660761924269738,0.20636174206326513,0.27210279970061196,0.28960004783623039,0.44515179122431958,0.19675059527496536,0.44451392958509889,0.1877261424960214,0.51514336485865964,0.25491790327388408,0.20501553826431274,0.32083929383173654,0.26964909058014919,0.46531507516020176,0.18260982440576731,0.45975426881907921,0.17671269210164511,0.48827522950687102,0.22658927791120889,0.20525654325922885,0.3133184597416509,0.27135849670982043,0.53706041371160074,0.17923215567110662,0.36779013881127803,0.17687436178730068,0.48837051917903718,0.2299049410671764,0.22298397569049158,0.34574543693298293,0.20098012668348614,0.25297917421995963,0.20728689808434239,0.62146582859955679,0.23575209011734768,0.35107420164184205,0.25752145281948674,0.31895375483058014,0.3814756191668211,0.18460799385749782,0.24182516504878696,0.19058320987481867,0.64013263819754085,0.217500885806863,0.33509595779200352,0.24238421141087027,0.31221624029020745,0.40668194003129871,0.1973940925014305,0.26154872473611446,0.19836083692069092,0.55967203089630702,0.22841560261443156,0.35653705882169928,0.26287848462573021,0.35533129365073507
2730500198,0.31494604389981301,0.37977834871281368,0.30187432975993422,0.3616511597052891,0.33210996865448739,0.39557306358817346,0.24478227632715965,0.33899884794593849,0.30503122268965133,0.30729658999219867,0.40154869149580413,0.30311343289901727,0.36338367844580205,0.33106611585228507,0.37731328082453819,0.2490669260117947,0.33393123079798703,0.30803815141402907,0.32650289796495996,0.38920179035263419,0.32036220964351109,0.36237114589050984,0.32708399360640533,0.36810805403828084,0.2610375504010945,0.31785230166205314,0.31034633667008638,0.33479070569375208,0.28580745948071007,0.19258239815760808,0.39171685041613941,0.40382256125391308,0.38662920836272868,0.19625107548010337,0.33261271479964216,0.39242666172949309,0.35700067621600312,0.33577853239315003,0.1831215444279238,0.33515232213056922,0.39420851459558853,0.44564842524204029,0.20275882985273302,0.28767234244774365,0.36888115711196684,0.38923158750637421,0.33757404504723604,0.186820476165901,0.31342776804153877,0.39431308483778721,0.46698112616705051,0.20831977468579443,0.26125588369523345,0.340877862398065,0.3514579202469077,0.29855942163793686,0.21150622685852064,0.38362666200074053,0.37973007620478899,0.40820554237227408,0.21733785569351632,0.28165728910348592,0.39754499000765414,0.39609906522751831,0.32624209669542492,0.17871932574282198,0.32709997457983209,0.38042753980657601,0.47874391048865228,0.20706901040971393,0.2299823670772935,0.35783559020052308,0.43394398954072055,0.33454797297759759,0.16035298116694036,0.27877663046580881,0.38063378014272847,0.51813158553189931,0.19703658471943361,0.20674865951028878,0.3184806520904041
2730527690,0.24257239458704496,0.18588997820239639,0.57844526255516115,0.16841924848588763,0.50991390153842797,0.20237135527452066,0.25764623721962271,0.18090385804537304,0.37890024615184487,0.22837733348049669,0.1660268031477273,0.61373111701302774,0.13642317766036538,0.53965406111775094,0.16672675663715844,0.23021859490612606,0.16585675876740164,0.35421503349058148,0.24908126139759135,0.14488719065892838,0.54471657814181251,0.13167647941557706,0.59765527265011187,0.15876743334731577,0.16402800027597675,0.13901165826998163,0.41747213595261934,0.32360816141367021,0.24364020155344845,0.29207798755435893,0.2011603643386646,0.54990767812950581,0.22195420526574264,0.34352765240909133,0.25783980771638404,0.41711795928891354,0.31882048162890697,0.24208246055501037,0.26318779043743623,0.18823071130575211,0.61009505150477539,0.21483222133182844,0.29708329647761644,0.22855428437841935,0.41974578565940107,0.32047468901222126,0.19874562368792223,0.19756802652289429,0.17355041510086103,0.6571695089790931,0.22342633323460578,0.25053053685004684,0.204184402693108,0.44988368968306575,0.31176159290165772,0.22882865071065672,0.33767724564349461,0.21333813867674797,0.46133023468402357,0.24133858662788107,0.4434207697012188,0.31581916172176433,0.35138216893380131,0.31201652698550958,0.23111180335442674,0.33106872612045823,0.20290578672778031,0.4689810284527598,0.23703636863998201,0.45640889520578343,0.3040810943809496,0.34864293805936364,0.32530468965232884,0.22489028436139011,0.3058947503682608,0.20169344077552101,0.50635319116889388,0.25485688075104201,0.42069585892297862,0.28645273487544742,0.35911501370107834
2778342839,0.33008796315932859,0.24089907023813817,0.34559097565140967,0.24792297429546029,0.55497821482302179,0.25703811578300828,0.23531292957724415,0.22225341693640144,0.4162600902560159,0.34142117128682031,0.22441814041566949,0.33903508789336634,0.25838510352337013,0.57316250639508737,0.23731591021794984,0.20768058861228153,0.21732902278496458,0.41971797217954337,0.33042110638054639,0.20657926041424857,0.32192431577271852,0.25364727828175271,0.58990804732865387,0.24195473721954017,0.19762280071693822,0.20338171120136567,0.43957045269345207,0.34156854558859207,0.23664457829932717,0.26739383371044606,0.25743308375757801,0.53138792615384167,0.27114715966768177,0.29544524013879114,0.26880619535069933,0.41727740772771243,0.35983260846605386,0.22625648005032109,0.24561063595869234,0.24574120352929471,0.55495515367713033,0.27606433001573921,0.27894850242362612,0.24586288836235387,0.41972324193203242,0.36111148050815334,0.22586581113985207,0.24059878695821033,0.24756405559812586,0.56494520437432216,0.27504409161983401,0.26538321936866888,0.2422858474443241,0.41888466587022155,0.32309501547282005,0.26291288042097055,0.3426140516468219,0.24260843230672657,0.46823777360784491,0.26505873788648993,0.38002882227755369,0.28995182297478433,0.36365707438097378,0.34407952269453895,0.25917417850578189,0.33197990889143864,0.23247848481900421,0.48132034375432897,0.26293426686589333,0.3792218274990431,0.27297150913050811,0.36201487818479622,0.3467471639721858,0.26561852599563612,0.32751154407439881,0.23575933727223544,0.48031681950100796,0.266871101140986,0.37535515546798703,0.27390294448815006,0.35850825748215231
2778343217,0.38439330865138166,0.31362937356460063,0.31166982502246326,0.30126224340890778,0.44738491839899175,0.29444627153005737,0.28530763617248067,0.26028486486825209,0.36052854839689152,0.39564515739886857,0.30532444877562476,0.3258347424841691,0.27271790891375791,0.45855755486406996,0.3163630206514681,0.26952702969736836,0.24537255776696765,0.35564789747882913,0.37633760547026607,0.28286640313750439,0.33395742395013789,0.27548238843224204,0.46455439661063019,0.33092387536777768,0.26124255628133747,0.23321317090261176,0.37812831282057652,0.35164727028296155,0.29018010198877037,0.34403691804123093,0.29336758045917094,0.41521393678311463,0.31684151286543205,0.34199725740755593,0.27721980278208641,0.34800812666961739,0.40108358469935584,0.28852904895268283,0.30610639583933136,0.26553014602108005,0.44244192349583289,0.33170689188407254,0.31324296747079683,0.25094954802805997,0.35326250927748087,0.38985338091346494,0.28379893514170224,0.30059839277020955,0.26737127368897778,0.46675871276460279,0.32616954210182525,0.30818391809243323,0.24589733165638722,0.35486985275489019,0.35496248770809885,0.27140316242125523,0.34225261736182749,0.26603147055952292,0.45048655575432051,0.28400906819359067,0.38057082753066496,0.24936859263150632,0.34901892756402386,0.40685467619618981,0.26015049061580103,0.29655672676258388,0.24221958215500131,0.49491332535737392,0.27890731041583872,0.33905884864988206,0.22594579977495327,0.36253809848652208,0.40438424092343511,0.25203786086001428,0.28202813270172311,0.24017143976714658,0.52927401147688102,0.27113083826971685,0.3202711647664282,0.22205400180273765,0.36083735523674371
2778909422,0.35165752493539215,0.2538078875720533,0.39107374641606951,0.26475982283797822,0.51811298704495656,0.2535016839716232,0.26693824684362383,0.24474593017472873,0.35358352342763538,0.35286878427935547,0.22925696743089288,0.44009396947665191,0.24574647636481947,0.52263811260122373,0.2427863284734848,0.23959401380412224,0.2338259761687852,0.35309364548740452,0.3646198584800725,0.21926072744222458,0.40966662764502332,0.24684253896220462,0.49594684411505391,0.26566461009496817,0.2440011541664534,0.24960526604090696,0.38966494803506707,0.36668102455036822,0.24027845267055448,0.27970735142303549,0.24435387490078522,0.54476603395820711,0.25368165478379517,0.28222268356545149,0.26919361811924025,0.39576128949771711,0.37889952716638758,0.24308697930824044,0.26041007292259011,0.24478536144371685,0.52733362540966666,0.27397341198782182,0.30204692788443993,0.27756731316746763,0.38495770063096918,0.38831092469528422,0.23727207328473951,0.23345364134993551,0.2503121116001395,0.5276493477015517,0.28085084574102892,0.28708210467201345,0.27814769002268341,0.39835476151621485,0.32148586047570571,0.25788209253002131,0.36783699307704892,0.23794550262441796,0.43067483688120306,0.26559724998237155,0.42060121689959074,0.29448267052832405,0.34434488448983036,0.33575341940941011,0.25815640026931042,0.36252086849789389,0.23301716156332489,0.42026785306450021,0.2800065814490601,0.42257482446677602,0.29818554223353744,0.33525165414899327,0.35122979707093749,0.25281634492594895,0.35543686738773017,0.23699351891072437,0.43522020933014949,0.28129256602120506,0.39527483721540102,0.29465734571729202,0.3444022849902057
2779198886,0.39556851280384758,0.31878921074584382,0.34459106194475447,0.2403892595445484,0.46031169078772177,0.30398863338686632,0.33252021842615398,0.2306430568471281,0.31194090613064845,0.3845596448726914,0.33523930808254676,0.35581444114783362,0.24097900996743013,0.41823241789064386,0.31792181924315494,0.35292902173746993,0.24223195311640358,0.3095574669662306,0.38070161839361899,0.32186936582802372,0.35232915313187707,0.23810927712002528,0.42189201843247565,0.32526219954519431,0.34433876316551731,0.24976264672656015,0.32541601573624873,0.33672440867859882,0.39682223240116415,0.35281609510121453,0.2628882215220763,0.3192180797728067,0.36569284870190383,0.38973858354909435,0.28107512143390778,0.26273282503495388,0.35283366409191802,0.40882390662358287,0.33470786819165388,0.24947929981581518,0.31474653923468776,0.37865873896236873,0.38368379052725593,0.26908771715352464,0.26838937828653536,0.35193654634121752,0.40393868494324153,0.33924222794017161,0.24376957694195175,0.30581959442734813,0.38730626861552325,0.38427451258952189,0.27270652582739269,0.26999589393245932,0.3443188495028231,0.38499949782451837,0.31468140267484845,0.27657795030490745,0.32900383148822498,0.36829400848642807,0.39426444788440967,0.28695081327438721,0.27573708404278024,0.3568425968029354,0.40157963586585899,0.30167921573390155,0.26352152502850607,0.32381135985264964,0.38321529621596534,0.37755288433691786,0.28114700604453402,0.27864964983240198,0.35168053159949902,0.40578303436818441,0.31540654333829288,0.25483289457297592,0.31077883578707122,0.39150841529173602,0.378177430728174,0.27993821403848734,0.27566997876564836
2779203671,0.33883906980908224,0.2892567773736322,0.34953221002082374,0.3165327983890035,0.39732449132415332,0.29966141311438643,0.339184339877594,0.31732100089726623,0.34022120210793522,0.37642059109374398,0.28664201614375812,0.3138190524894604,0.30414418107289837,0.42993731677023589,0.30752301087622075,0.3093493702583559,0.29301432476686667,0.35240158669172456,0.37070161882602826,0.30984703918457945,0.32598464375995634,0.29972251381775467,0.39342092370898835,0.32897002642822865,0.32806467220266722,0.30555912248326894,0.32631492857119387,0.39369838562862042,0.23227634334329875,0.25756970930282191,0.27768226137860214,0.52101882159800306,0.26653512212386188,0.28311858104928583,0.24276292140651737,0.40744094994090635,0.42279167424714464,0.22220240567138591,0.23086828005798382,0.27174393491212606,0.54164268625116008,0.26267181070507717,0.25229162224342055,0.23298825648125079,0.40548795729933507,0.41987133945116462,0.23826990365104211,0.25553152529016088,0.28178550679569658,0.51453332349242376,0.27501270938640776,0.26980579700774626,0.25768376918078906,0.37770814852338852,0.41472742552803332,0.18986429300334123,0.22537868993591378,0.24301120440564031,0.59479412537808818,0.21773606267642212,0.24946316952102535,0.17794656158305486,0.43245439843181882,0.4372661787044021,0.18072161424932884,0.20088363985499152,0.23332926701704648,0.61202989476819591,0.21404166609799152,0.22596225522912414,0.17028486984150232,0.42531269644596559,0.43871039785414601,0.20115009700165751,0.23072124831394608,0.24919697152199324,0.58535034108605621,0.23200191269070133,0.2430442534687538,0.19046738929479418,0.39991517242768265
2780060136,0.28692461313886597,0.3285690416643311,0.36862791160971764,0.3552392486442702,0.31069602488009657,0.31717992447348908,0.33680891251712258,0.36263085005747681,0.32489795436165914,0.29659100469232785,0.31760482143237051,0.36444786009324903,0.35279374519050699,0.32778369742128771,0.31230337300629357,0.32512573472810624,0.3520183204161797,0.34536369843456188,0.28577641440730078,0.32343913901387578,0.37578249798087138,0.34521829008184246,0.31394060750498332,0.3105638966545059,0.33144396879474086,0.36366338706969775,0.34090467791498386,0.3205186046898949,0.30230614241745668,0.33552492222502062,0.35300376230217967,0.36609956440688662,0.31505652566580283,0.30632587540742051,0.34293736429789345,0.35207825878338778,0.32808830924428695,0.30194468222066773,0.33615960143429757,0.34367082522314496,0.37323012452880677,0.31213121600377869,0.29930266247957521,0.33621906431188453,0.36155578279567879,0.3216624996021103,0.3138519717371096,0.34619108074933452,0.32745976870759341,0.36426841522413633,0.31555769862140054,0.30744317945325988,0.34151808141551931,0.35711056588102547,0.34047505796359628,0.27289011768293214,0.30229540611514238,0.3450051810732408,0.4159591632951497,0.30247143904527862,0.29540535857253497,0.32060153015627124,0.38031034600387498,0.34731913937641906,0.28595598723365717,0.30662005007672366,0.32537292052346545,0.41355352655005617,0.30217801142761724,0.30511021788431658,0.31758789659728942,0.37606223084716156,0.3436595142942262,0.30578378614239643,0.31657645624688241,0.3053535516110088,0.41093558144050829,0.30267145696072267,0.31159083655651709,0.31806075851187371,0.36905745366481013
2780638617,0.29898232371868838,0.28389756143332762,0.428727131641431,0.26196332434886271,0.38432258351362719,0.29422566431121661,0.36809018592714715,0.31219084641452399,0.33219555700493275,0.30790658779258306,0.26904903878241332,0.41900970502619872,0.27173300497194247,0.38161052849391935,0.28324360194254022,0.35083376397977961,0.32773162461397071,0.35644394926348355,0.31273538223584257,0.25887161294187283,0.41688398189410125,0.28966665299590216,0.36029239794556567,0.28893750635052762,0.34048990255009282,0.35092703792997232,0.35370096449675986,0.33359832135333839,0.28330645113185698,0.28510912153347651,0.28863816352567212,0.40280135421820945,0.32091448175875464,0.38247162212076385,0.32579406061080074,0.35523098452608753,0.34306533544801615,0.27559203649745612,0.28337713191557107,0.29770900126462518,0.41910853585948377,0.30686650754601336,0.36128073406657418,0.32276551563609712,0.36455668699426108,0.33676636643599506,0.27173056103458493,0.29261447120182688,0.31740730773719011,0.40107955989878391,0.30767843218474589,0.35071946196197173,0.3400680013635724,0.36359188474345938,0.34621094007065134,0.29375439391519659,0.31242733811311868,0.30724262568651928,0.41528693537167055,0.31503427898548525,0.34256170631991373,0.30665330322953754,0.34459083650204925,0.36196264657218169,0.28597089506144241,0.29517769457050963,0.29252717416171609,0.45309024289040695,0.30753300292210817,0.32678501641330326,0.29080063068861567,0.35111377812979755,0.35514073607658136,0.2956285105132978,0.30095739246126557,0.30624247569386176,0.4401571825576428,0.30542874088353483,0.32407226134053968,0.29767297494979333,0.34851388643862918
2781496564,0.36532043247825297,0.29732036569914438,0.37086489056257071,0.28415720623683871,0.4041214316949448,0.36168717853387661,0.3060986302089182,0.29638323531611444,0.29014537737009949,0.38338985727546743,0.29739149260578968,0.37630871632304308,0.24861490106300477,0.40905006350354822,0.35785529965881624,0.32193383355319849,0.28322639517480647,0.28620259717672075,0.3877874464936284,0.2927472399852335,0.37875991796705838,0.23597752719362405,0.38632206891656562,0.39726987156729332,0.32951656112195821,0.28664376978742168,0.2587693091145038,0.39316477875593692,0.28646012068880927,0.2853658856226447,0.23118025775997342,0.51617398761013533,0.26145133090363359,0.3647388944792293,0.2271177531391109,0.33026462741014734,0.40343734746537108,0.28898194300957836,0.29264576046849233,0.2173160720334891,0.50319061446965352,0.26863103553399964,0.37740404788792992,0.23377708773671299,0.31370518688744464,0.41811489001925095,0.28487160729004257,0.28212008588954662,0.22130401235110569,0.50064209857903486,0.28227574805958294,0.36777418612823914,0.24320172930396189,0.30122058786713035,0.35039205831108045,0.22110443410626143,0.32002407044072217,0.21221741620537204,0.53778709080883491,0.17898491656817644,0.43479349970615389,0.23135480137515416,0.34214850246765849,0.37275892553349116,0.22442755323813424,0.3190983306084737,0.20352679604057794,0.53454514522474506,0.18121474673485322,0.41923219439901244,0.23488212503713227,0.34341461941849055,0.38513005418669299,0.23769547744563244,0.31612500918730441,0.21418208391002119,0.53159829319060492,0.18993821451086065,0.40619376491767883,0.23628525727691413,0.3314654346098394
2781496672,0.38034823156506659,0.18610326984389849,0.3142196644084127,0.25860241775514414,0.5437864942852022,0.26488164749265947,0.25267542974483304,0.25326670223515868,0.40154282174178024,0.38276210046270487,0.18464961811770059,0.32415098567930495,0.26566272519408124,0.54049526255473235,0.2492084696677612,0.26286982373474532,0.27421182446495102,0.38107016842787644,0.38153556219371665,0.18111314486040389,0.30734495374053505,0.28308499577317703,0.54297977171445255,0.24016172882152378,0.24286186513002161,0.28837396765340906,0.39036454080239474,0.39933887561648823,0.20237474020392429,0.24473578151803713,0.2691017346279207,0.54047434345641565,0.2624736995562863,0.2823514659624195,0.2847107663158418,0.38141059094581303,0.42062938914385756,0.19070933620328467,0.2423757612728957,0.25667129737956945,0.57240082303712059,0.22763831735449006,0.25486238617102974,0.28185769497647967,0.37177168964752855,0.42521184646823829,0.19199162614978688,0.23662471477753408,0.26823550471305124,0.57521839881629255,0.22379396749864289,0.2340606104074294,0.28841590268373202,0.3680550253592082,0.38058490657873389,0.23769761637002754,0.26077554959978205,0.23704429223686574,0.54748481884150901,0.26979603899780652,0.29794461587090265,0.26747551754333687,0.37632086873039949,0.41394685425116479,0.23234336866476607,0.25219307387299922,0.22369959673597165,0.55804966710182158,0.2580926369935323,0.28061448171695713,0.25406021808902007,0.37376378967293411,0.42302929187547367,0.23428944588789619,0.24022226069890176,0.22563805861450534,0.56555323405030777,0.27955685823549925,0.25793589178182758,0.24501909077793321,0.36464725227403927
2824302459,0.41667066277749659,0.25978640098421696,0.31590867098663961,0.25900669466981091,0.49269438612323996,0.27255546477036297,0.32584536518680102,0.25074365628583062,0.32547196185046168,0.44077951958312689,0.24681150109110411,0.29709351629624176,0.25867147754948439,0.5011555345005545,0.25936084268012072,0.30847451354329802,0.24612138093912092,0.33980115281223905,0.42642340641539589,0.25617629642462647,0.3121083497586164,0.26228625259774369,0.4858678979967615,0.25590005879509475,0.32514895281158085,0.25481034230688188,0.33782905293684623,0.38145502583362295,0.25901153171527208,0.3503514548445435,0.26662423989623463,0.46458844602167054,0.26294215295603779,0.3520706931407338,0.27067299147994406,0.33372415671290206,0.39743411350294372,0.2471658064456114,0.3344297348187304,0.26100169086567926,0.4719720134038401,0.26254459000218527,0.33390364384930005,0.26768106709795053,0.35518728974135783,0.37999611134428357,0.25639911223434131,0.3506000234040787,0.2634491320303548,0.44868900777842735,0.25975816245348732,0.36073798081397024,0.28111236761518887,0.34580982882438016,0.38411633191819256,0.25164777283963757,0.33691385906244165,0.26170004894382226,0.4957462702700608,0.23979154485370544,0.33533322126592979,0.25779073381348611,0.3534987769593943,0.38342825820960813,0.24810736753991278,0.34227306645273564,0.26045887817794094,0.48025426486250428,0.24068472185780798,0.33676442610846458,0.26552524439552794,0.36598987219342793,0.370634722488974,0.25479320698527491,0.35368448362893395,0.27003699244238494,0.45442380376166353,0.246513497369272,0.353474915399692,0.28034089255524508,0.35901558805158806
2825137090,0.24552109526646318,0.18852989367869658,0.62338781251857955,0.2188254396762403,0.47981593027111025,0.22317777077694739,0.22719522491955843,0.21109994795572656,0.30243409681221745,0.27597206857342604,0.18937333568461726,0.61122630716900139,0.20783428797081882,0.47629422321365616,0.21221990214213426,0.22166582362915133,0.20236092048455689,0.33046220187233005,0.29078030644569852,0.17566336864951476,0.61855642163321456,0.19326317717749597,0.43068059213043791,0.20532410122384279,0.22184349418719007,0.20675666186382347,0.38081469506578947,0.26131082614936924,0.21756034504752561,0.3105853782873062,0.28730259458441954,0.39913084278475291,0.29071403551036751,0.43793621613024808,0.39410272495989718,0.33830887744246058,0.27082785797914932,0.21278490570147277,0.30253452742032499,0.27116156321466506,0.39960870640408319,0.29031102614809279,0.4498776514433494,0.38859797471589946,0.34489592218917464,0.30076172617166563,0.20627978095474675,0.27902519870956954,0.26239269505577761,0.39653191590591363,0.30062989850422694,0.42708291597471332,0.37883204218910216,0.38308823016116494,0.24398208362806559,0.24678547315027582,0.43263978959413607,0.29746342031122919,0.30249069954527324,0.26736869888621551,0.43644869528190555,0.4025344056302384,0.29732125319326097,0.25139704924504536,0.24067944651768189,0.41877465784684409,0.29024746923579758,0.3022475393117583,0.27105339761262637,0.44939566591498081,0.40721086893564551,0.29437463877432518,0.26289788124921964,0.23998292725230383,0.41600818008359025,0.28228340164936988,0.29936306009228847,0.27740262068781674,0.44165242733858467,0.40686014571544743,0.3055873958055409
2825137258,0.28866301946455997,0.14930159542210755,0.37924808973293767,0.18193322034596837,0.63058477454919171,0.24658578611466297,0.19803675337123061,0.18819738487646831,0.42938949356573963,0.29177769958597577,0.13436384880982619,0.40967702656037697,0.15869868980811436,0.65661198511951857,0.25308536316621422,0.17930294585664891,0.15398131726902789,0.39081998590422745,0.31381044286912901,0.160046865016197,0.43343608854541504,0.17848294015385402,0.57294533236593514,0.29288768176936586,0.19674396958053406,0.17686632585504436,0.41490424714880109,0.32751306867153679,0.22900201793515351,0.27814623434251257,0.26306313959996364,0.50861988655900137,0.32250645774290859,0.3176666687502937,0.27554198787677864,0.39266474491529191,0.34401945339339407,0.22639368229438767,0.25248417156840941,0.25542211460409026,0.53103359248887649,0.33569207842446042,0.31443106822668104,0.25576488714848949,0.37741139603323121,0.35346658700222378,0.24278959164860892,0.27208060697794267,0.26028965546207666,0.50913290832600577,0.33109021816399381,0.31613608323663139,0.26883833002121993,0.36507928506712845,0.33500422210545938,0.26754225037773305,0.32516341390079906,0.28142224481514228,0.44043417078627828,0.32730460625944163,0.37116110410542202,0.27386757061034206,0.34262078235862159,0.36118814659982473,0.26493065382156511,0.30330075421345454,0.27007987327545019,0.448192730175767,0.33560090865749115,0.36951857457417414,0.26080796804522044,0.34110248575240176,0.3678312169218963,0.26809885363121383,0.30098433622410048,0.2692487097079056,0.45701900267644696,0.3294468313819901,0.36622634201884652,0.27063565321718785,0.32399039344981612
3019555725,0.37336662092532946,0.35269266953903727,0.42096407140703662,0.16871054508439087,0.40015422345114482,0.40699559883111835,0.31647571604259306,0.20816298324309354,0.24753523548269446,0.42147521633718832,0.41414675695224612,0.32575198543734385,0.1546046397033716,0.33957883536188554,0.46917102925939497,0.3166502576106387,0.1882602919737989,0.22288914582067407,0.43381707923995416,0.41947737012899544,0.33332011836395636,0.14536409922341906,0.29941906823764758,0.48750790322897636,0.30706735038838417,0.18423923288276292,0.21922191336437458,0.36656110672555203,0.28398908597295008,0.20739552703313793,0.27951489491491982,0.38698934214789105,0.39522705128525892,0.37891908673071689,0.33099458954674849,0.32363465098852312,0.40226757585357864,0.33842708379739134,0.20386295826764517,0.25014060343444516,0.36024976610429738,0.43655892378486999,0.36307288316376185,0.28735164082325337,0.29113741006598781,0.41536835238794073,0.34678350699141708,0.20614992230290113,0.227461814367801,0.34239386716650333,0.45529025348384433,0.36404941853433975,0.2734000707755187,0.28490576337546264,0.34449732501216918,0.25209966032816322,0.2898085393213643,0.30699973635387073,0.37233220215069385,0.32705476676220951,0.40885855999672577,0.34430523581374839,0.32897112594494177,0.35957090072433262,0.26478787052754882,0.27864624023476753,0.30950795126885927,0.37426164025504244,0.33690046859544426,0.38286483112374137,0.33983671138748178,0.33392973014329458,0.35843823458744456,0.27159745457407708,0.28686124436988258,0.2941996200892385,0.36784603409730388,0.34240629979428544,0.38553739070850579,0.34134733062085432,0.33347292143776619
3020386076,0.41308317254897975,0.27571280728873998,0.30612622671440137,0.27099464775636017,0.55025843628554982,0.25600013935943738,0.21953484541492455,0.23051827197921049,0.3413776727252073,0.41678113729848504,0.22833083941814486,0.30284868120284825,0.23060202052507589,0.60174437491586663,0.24324074018178146,0.1847619322036981,0.19876462114118262,0.36654764947959723,0.42605466346169762,0.20941638266174381,0.28740225533864555,0.22297007362773019,0.60034488899245952,0.24688828769302376,0.17098952142472704,0.19185352609889084,0.39356507653503564,0.37900037821077925,0.25009131856984851,0.31656122000066916,0.25527911399533432,0.50552220136470727,0.26430771649109908,0.31843661588978089,0.28285634720700237,0.34873162602395802,0.39714239121808809,0.23949717077931063,0.27851846084975118,0.24814653852589974,0.53360132946448913,0.26899355933313335,0.29144554922163979,0.26932569835433268,0.36222234255783592,0.41041087337887688,0.23462381812285615,0.26446190567116507,0.24320429244495373,0.54021706612322251,0.27368858338041119,0.27242425647248097,0.26227585039824847,0.37105609496902198,0.3361289114854914,0.23543912998310085,0.39698716124262801,0.21677016310065178,0.48000971503530188,0.22745246003894548,0.38607467736190332,0.30322356569348308,0.32226622229838048,0.36082371347688386,0.24138998009110985,0.35879792485795253,0.22985192512684649,0.48747302889335509,0.24523638170600512,0.36401157582092353,0.29913007919941537,0.33198673279971236,0.37473085693323677,0.24215305378915411,0.3574087200594222,0.22544806906324244,0.48187776803603222,0.25071618247689315,0.35713896015725216,0.30234136658123162,0.32916185136713644
3020386296,0.30377130769353355,0.2433124850350169,0.38209389954263406,0.3810308554849714,0.37252471740333992,0.23331538493012699,0.28855393610637148,0.40353810564860471,0.34354715616199755,0.3412963053914807,0.2562262843421334,0.37289719152132106,0.34423834534632464,0.39847737410268691,0.24999683470641401,0.29129961386994835,0.36893130902802695,0.34360464361284149,0.34067134913226399,0.26617526825251797,0.36770369421996368,0.34414684645738142,0.39188441618116332,0.25769771855342249,0.29876505940252451,0.37040774476767185,0.33616472853150747,0.36188141124441325,0.18878308611157005,0.27815251940333824,0.34335424913592283,0.50746711966498881,0.22080869485676252,0.24255473341687259,0.30780064477383695,0.42224214072993965,0.39294660296230283,0.19449801355036275,0.28633875419003779,0.30601934834756667,0.51884202927167733,0.22190687135598933,0.25206536177691607,0.29680515427365911,0.40256154963466206,0.39711720354427432,0.21091422692915357,0.29873386110143352,0.29330079338523313,0.50740880799682098,0.23547548184172923,0.26357401592112129,0.30257117567503161,0.385503376557503,0.40619378267423101,0.15672202836304744,0.23691247318380085,0.22547458443056406,0.6282970487485513,0.19155867658851133,0.20048240259037339,0.19727724953873166,0.43922099949631321,0.43664785534037059,0.15703593848804653,0.22605382085700515,0.20675987040799559,0.6355099203088056,0.19080901338824827,0.19823921544637496,0.1929692357734952,0.41714689583739145,0.45390250281916633,0.17162391443753475,0.24456594231363107,0.20339957575723941,0.61958880715845821,0.20511275321528658,0.20721619898770169,0.20384007514115307,0.39100255064958178
3297685197,0.3185526783367682,0.11183628615010532,0.33761362052718108,0.12572584347700938,0.72631443753241087,0.15220208217841391,0.12115014053814982,0.13517097561553176,0.41542769022650466,0.2894484450849697,0.10374672171072472,0.36919078621743362,0.11037257576755666,0.741832086767784,0.14456358783093021,0.11436551749433831,0.12485210510721637,0.39634736217478583,0.28058025982432411,0.10468808956823371,0.33363503748145951,0.12049967788048187,0.72784416421064269,0.16286438652252985,0.11356735328830542,0.13603852182722373,0.44361764276627613,0.35500286386832375,0.19245507716833926,0.21222568105283821,0.20522650269781284,0.59146390210722533,0.24681381488516033,0.31989329987616394,0.26029412267729929,0.41102915403492929,0.33499346332749519,0.19279495336171501,0.21207664432470799,0.18769216425349514,0.61899519690433191,0.24673208432855509,0.33141243317332414,0.2439723102251756,0.39625262356887408,0.32956615966532182,0.20396955514301437,0.22715242830622182,0.19822050918524406,0.61040560950555545,0.25647810330091331,0.30988211329455312,0.24755614084014027,0.40398756652288559,0.30951617576329371,0.19248611503174953,0.45070356267281908,0.18677098985036933,0.45122304356300663,0.2017548058264941,0.47334084446575775,0.26375365569972353,0.30200484619295909,0.31889443138439028,0.20267494291674085,0.43616692694756942,0.17564439606905274,0.45525665989909542,0.20871783309136241,0.48332319265168761,0.25494995269549986,0.29447258128737291,0.32551434467815737,0.22533797533516914,0.42760070069418976,0.19396165130533322,0.44429928348656572,0.22465573519089291,0.47122239766150459,0.26456353706930047,0.28789449936740985
3297701675,0.33406811061773733,0.38521981011269435,0.31775203928248008,0.30422947783717347,0.3566216742211043,0.3497357278327311,0.39240453330542857,0.27051094022467215,0.26425489915536526,0.33761841125511949,0.37921084943167122,0.31345369080106333,0.30469496203636798,0.36689751980048213,0.34354700323109716,0.37834420064016427,0.27175345721987088,0.28546113916582538,0.31900249143852016,0.40180613995175585,0.33099477740960315,0.30115443010939696,0.30924036901127566,0.33865093123013296,0.40618684609287364,0.28847469787949193,0.27931740352342477,0.35750265011823118,0.35538493615512784,0.31992366414414031,0.28793361375203641,0.42888352951022662,0.31327348824911827,0.38599557920793992,0.24247991881298867,0.266018812380443,0.38082287496024897,0.3454320180292938,0.30971065554039057,0.28178350814231573,0.43208578707404521,0.30825700027279984,0.36857822310472999,0.2407774971919969,0.29117654937075821,0.40019792369750568,0.35620767091494143,0.31972815177167463,0.27221278826325707,0.391328803114664,0.29470033111075083,0.38080089306523396,0.24437252284428551,0.30317987471352903,0.37414940385767631,0.28622706770163014,0.308764059019699,0.27135744841798376,0.49791685962441862,0.25870579529655735,0.40257296612301052,0.22948961561531744,0.28202090501060412,0.40919270479389436,0.2815875463600796,0.29380119899320278,0.26243551746433169,0.48659570014308118,0.26479114239342749,0.37915743527829432,0.23048379362507962,0.30709174837253916,0.43137693030163182,0.28882446702307757,0.30734352404447685,0.24792835769411475,0.44611218339514047,0.24885498188666297,0.40372225834979059,0.23105902908223222,0.31183491091071425
3297716571,0.28070336517891858,0.29396711118774649,0.33776382314447984,0.43446244428864761,0.25250975518639557,0.35980393973479935,0.27068374400547102,0.44485246766048697,0.2599297568537372,0.29407565497694466,0.29428430471957567,0.33353774895565497,0.42653702253096987,0.26548276789702052,0.35403383309815761,0.26757248210818907,0.44331790620126199,0.26417444186752664,0.27452825912004947,0.31251158332644985,0.322486813307027,0.44282998935766804,0.23849558895122147,0.35778850996632577,0.26189240260438229,0.45474074534194336,0.25807955352399142,0.28770231937997603,0.32897358208224692,0.30631028311519409,0.41978674757630746,0.27189314344067511,0.38115384196959784,0.27188491313889429,0.4276722253925524,0.25085409799730463,0.30670073248430196,0.32298929481730221,0.30933968132514145,0.4105323427693609,0.28285107606355253,0.37458169736124053,0.27254930581971226,0.41957040587812156,0.25835266374242311,0.29415911859561056,0.33722610949434745,0.31042524706203839,0.41341547368865011,0.26363588576251068,0.37893205875475988,0.27028407472277949,0.42523175801867547,0.25593721190269891,0.25821456135115811,0.36434832488922564,0.2811348604563233,0.43153583232470472,0.2267101679676358,0.4270051652715196,0.24724662058564728,0.43314630496919593,0.22986523277384524,0.26369244774808859,0.36222863841109365,0.28273270657452659,0.43125874876467163,0.22498721035765915,0.42422812667734222,0.25320299348100372,0.42827345440451681,0.23498117830855889,0.26424876435413486,0.36641688956056312,0.28936612199452799,0.42759739885615511,0.21503957266896673,0.42102852031676824,0.26033965182498248,0.42620404581279953,0.23749801122939654
3297722685,0.32002060077295258,0.3440279680076837,0.32759972659790959,0.27959498346381545,0.41883748594296827,0.28896855720603254,0.39472462253228413,0.28389400625442363,0.31369670051851523,0.31373835303425635,0.32244078689712807,0.32649566716575795,0.32795173914233894,0.39808647760672872,0.26166490310344037,0.37011881131467128,0.3313509498844423,0.33124862820706286,0.30032811863510378,0.32597377106390768,0.34358294871529144,0.34555504972412254,0.34483594073473717,0.25702732797831135,0.37395831575563021,0.3623527386001435,0.33161327996093187,0.34490226086817011,0.33514077431555223,0.28160666412111834,0.32315732792234536,0.41593990731285446,0.27560938536904783,0.36639756747831914,0.31177567288591296,0.32337643652884557,0.33502852581666326,0.3164474915995209,0.2798911031569713,0.35432741626046282,0.40829766800070572,0.26201033004822838,0.34355632950777315,0.33858506981778869,0.34015101235226003,0.32365926180625881,0.31521134945280821,0.28211644573464101,0.37467911206510884,0.38026735151461966,0.26155656423406587,0.3296940182529477,0.36670513948029759,0.34601509698234245,0.34772488599652607,0.27479480466233375,0.33802455679566273,0.3090360013746305,0.4031645730575209,0.26884097380224903,0.39315182877190474,0.32282884299046727,0.31655550528690135,0.36872070913573335,0.26570154027351511,0.31050287526463538,0.31182039012164525,0.42658813906937065,0.27679970226611289,0.36118501082037496,0.31668787089340139,0.33235882361793007,0.38645667620063884,0.26647406305056437,0.28425040997320444,0.31119711362926744,0.42974857066364897,0.28278875444065993,0.3289269915650907,0.32670403284522553,0.34988433838377114
3297727311,0.27822869160840369,0.16033943603639322,0.25269422550047277,0.42347490168059532,0.47993605832301767,0.20430784181392569,0.14068217863865401,0.28638367155873468,0.52896812993188103,0.24942087085773501,0.16807762179839239,0.26470836992860114,0.45282248273596531,0.43023318519626225,0.1848262909027483,0.15378724747880279,0.32312144163375794,0.53581812891161318,0.26132650676223507,0.18759442387420297,0.2775670863436373,0.43873829054749963,0.41927539137360009,0.20055200840186838,0.17073072482746821,0.33923056336455926,0.51647137203036719,0.32875268969731214,0.20723586617980383,0.19978538857499359,0.40649740474119028,0.44032893687478319,0.29470860856029069,0.19310179600854527,0.32670672460795397,0.46803021301704706,0.29726384636811692,0.21033951943507315,0.22463304004219481,0.42575746517645047,0.4089795025086217,0.26033180830039088,0.20019696327932751,0.3563892414413648,0.4832525751400556,0.30689846394649439,0.21666051489390858,0.23579037775393452,0.41727325254594294,0.40072267656993038,0.27596857059005991,0.2141595312830481,0.36022448648952204,0.46561160201628871,0.35091853297083359,0.25906381125585481,0.27093354854948232,0.39678625701700582,0.38982270632876848,0.32924054373522804,0.23770309537030282,0.34539992148508986,0.37779999377364532,0.32412561214384505,0.25394455795228177,0.30299041289159434,0.4072903107581804,0.36815486599497382,0.29466187197846039,0.24738030093576024,0.36883683573454962,0.39136286197064007,0.3136628724294005,0.25468060273633564,0.31731358413124489,0.42265472143583893,0.33893615056631005,0.2910082395562697,0.25878989066343455,0.37847112400815236,0.38425556165915165
3297729299,0.33531107833902768,0.18299575439711852,0.31007336402456959,0.40689996280255503,0.47474418738521706,0.2077312248165229,0.18248747120206515,0.40191201674008364,0.35916109848548428,0.33729493519374082,0.19240395928720577,0.3066904225405111,0.41383616664062822,0.45534929802464491,0.2094759769888811,0.19060451320288163,0.39550371390445038,0.37405480784467493,0.37855320573886786,0.18486596938728719,0.27184836352561786,0.39177892446880186,0.49312698696964069,0.21089735696828052,0.17412537248924584,0.3383558533250266,0.40332805162024649,0.40146490470465857,0.1259976398664415,0.18180931143309298,0.3171358726421557,0.63906829440807333,0.17134952023447342,0.14385079792943831,0.23436360866573314,0.41944299294305792,0.42617757589714089,0.14248927345700002,0.1896421473001883,0.31634505705855576,0.603667019550711,0.19076100797538334,0.15919203089575387,0.23763384857446543,0.42357471669933977,0.46983526062811193,0.12325667100268464,0.15654708700408745,0.27405119790637877,0.63010396409259217,0.18690069268240928,0.13329528946712993,0.19899404795590342,0.41847630054179863,0.38843400049322768,0.13925922180615077,0.1736997853836133,0.30124062493887849,0.61834765378795198,0.21320018792861456,0.18561543865665248,0.24031981118221984,0.43450374612514336,0.42310907989939173,0.15778776058405872,0.19031680685050256,0.29494617064108225,0.58063194561089015,0.22626927827485438,0.20621089734875336,0.24826440769471236,0.42471000180430135,0.47370577992149221,0.14448426760805408,0.167955986893249,0.25863897325034857,0.60058480335103537,0.22836533638558118,0.17983617585333062,0.21617010771875139,0.40951237106794947
3297734497,0.45326034873626492,0.35430143751534093,0.28235274527953741,0.206054532961993,0.45250077484250545,0.4204434247916119,0.2607677440322273,0.18721197764181219,0.24953199578676619,0.4662942488199267,0.31229490078847449,0.28121484711464806,0.22297946130033386,0.47547269269397618,0.38689802336325024,0.24965089639733173,0.20298842065807265,0.2773908545912544,0.4369342468969421,0.31532497586730834,0.28465290682936512,0.27125139750698812,0.44479282771054796,0.37316190258249105,0.26169661855844284,0.24644401183255138,0.29789892352841946,0.38540599968230627,0.3326074781565051,0.26995200428091526,0.29408442103102478,0.36740281240119499,0.41804827968195796,0.33772785765811164,0.29244053167502804,0.26859628722713264,0.37969278382013272,0.33245569450025825,0.27709580950142354,0.2932499956809213,0.34346965006653635,0.42440251982201038,0.33901677962924964,0.30085429265609165,0.28105933443811543,0.3704487114132029,0.3406491866152761,0.28832895224525773,0.31043372380746831,0.32205483968497978,0.40155798705036966,0.34649738825394721,0.30545433597603744,0.29814803614554863,0.30288923181185645,0.32897162055248086,0.37801638566082402,0.31057582510026122,0.29491288956660122,0.37379241598706547,0.37363658264298311,0.35679536814335833,0.25899887972922503,0.30398822751129018,0.34147242283944135,0.39046043248634987,0.29545359373042046,0.26640010131417891,0.37266963586487262,0.38448728120124698,0.35977082329131965,0.25321603179709712,0.3018152489721132,0.349799460369422,0.39069363165058424,0.28794987645123848,0.26400098334664063,0.35314639164819556,0.396520791121867,0.35588219583119912,0.26963207912519244
3297737361,0.3238126609441741,0.33821083014472075,0.34287656645901071,0.34282651983927415,0.3543479542269164,0.34338312887775951,0.32956467905774783,0.31224428641531604,0.30996871250376634,0.32961045303295983,0.34626499263919419,0.34117629554598883,0.33560325775906014,0.3485615945686627,0.35353559227972181,0.32598749716451542,0.30865348306060525,0.30726089720898675,0.3299546686305555,0.33103028958712449,0.35175456540046451,0.34924751369310164,0.32625526494651635,0.33811268800992078,0.32037258629167914,0.33688715917619538,0.31456240980997024,0.38892496080696559,0.24201703203072361,0.22852636489883096,0.2578957223397827,0.56822435202309463,0.25994675939221124,0.2687170938086233,0.22092685298465997,0.39995228890445617,0.40768318183408842,0.23844818512969473,0.22596979394784369,0.25822069916500812,0.56265996849022393,0.269152352990153,0.25869107345369985,0.21811948610328505,0.39455061199348773,0.43115653413544058,0.25859312309902693,0.24238989153031043,0.27148225519241082,0.52047292255963806,0.28726817025545986,0.27058726642476183,0.23529139399231283,0.36439480956617376,0.31696746483776528,0.23711667396294225,0.39299731368725527,0.19651243492669154,0.49150885902918079,0.1931796555014865,0.45298566146475633,0.23571149087011095,0.33254776565843652,0.34177063918758327,0.23894508110709795,0.38243769705715247,0.19271877586323025,0.49249307982491075,0.19769150796707385,0.44715965837492649,0.23493070137487254,0.32545873091764116,0.35770984785427445,0.26355450400477748,0.38913806711539434,0.20468898909906699,0.44996933776318881,0.21499430043062911,0.46272573949468204,0.25226798931323319,0.28776284127644214
3298515160,0.33677529657437166,0.24843480987748714,0.44283558471776052,0.17325657329273877,0.4494783045613629,0.39705036515880532,0.34476432533608331,0.20387736078373353,0.28041605079852777,0.35444185170361547,0.2453360294174759,0.43233755720043782,0.17667529294599182,0.44746935601363691,0.38114804869171942,0.34363213056722858,0.20868175342350129,0.2981903450053533,0.39291237970423037,0.21481641373887297,0.45854234797569915,0.17274634711017442,0.40446801834492857,0.30336189447232964,0.36505711970472643,0.22934184044480538,0.34334262626956419,0.36862473780823063,0.25558265293787141,0.26733630450300006,0.20265452883462823,0.49692597231121843,0.35708726962934301,0.38424349354474724,0.23234527301015903,0.331936144632344,0.38535663147465199,0.25734877303907361,0.29346568323516409,0.19159391323680414,0.47981322568695639,0.34452817600949498,0.40583424696661741,0.2261568651551199,0.31252641616638704,0.3933272256768009,0.23226444419045164,0.32412245847643739,0.19149548449900233,0.44723656286081442,0.28787880304664704,0.44186975147538621,0.25739473314772865,0.32438454900972075,0.30906703156283333,0.227576714574343,0.42304963967787412,0.22895944775283428,0.44599089630729,0.235899683943845,0.42530399883960501,0.29881673944160547,0.31074343582079378,0.3180413198551722,0.23785535985748402,0.44225396849016468,0.20303699798450484,0.42609325719370011,0.22353575649672322,0.45227827473834992,0.29408894288991688,0.28791367273997126,0.3169604647427714,0.2425698806164569,0.45094067709489433,0.20935546367202312,0.39494573860381577,0.22171165058354633,0.45563463361390982,0.317670067472476,0.2826009550655485
3298517012,0.28156406199329048,0.21935294991579135,0.37684985298499374,0.26905955833758038,0.48695717737034411,0.30268214708308783,0.27427707129067702,0.28967533235672005,0.41269068386271401,0.29460174334550093,0.20976979917035279,0.3850794344018032,0.26166445133225386,0.48717050718650112,0.29718133688664489,0.26220399407645562,0.28553258135228571,0.42014322154678491,0.29837763309548249,0.1884309925442838,0.37086003840274412,0.21508355172194296,0.520364697980089,0.33173566284420403,0.24033412401442075,0.23128553797270901,0.44674932729835032,0.28963597176309358,0.26892348086425721,0.3370790177996153,0.33996200997457915,0.39480732760110493,0.29973700987908758,0.32644249293725275,0.35573225674036268,0.36846910295777308,0.29737696578444173,0.24911243798496305,0.31959843287971462,0.33560170984370824,0.42499606606157098,0.29436980135740215,0.31010959897319967,0.34693777882626992,0.38849611579869914,0.3201282028157536,0.24348054170995029,0.30091160439884079,0.29765441505607748,0.47808475306142184,0.31662253183174094,0.30397394018119656,0.306050250665168,0.37974653026195798,0.3059103698977228,0.27213218046505927,0.35449563365121678,0.33299973499252539,0.3948266259925659,0.282350968544264,0.35993369896985938,0.33544309348257234,0.34368947935880617,0.3221476868609473,0.24955602279346353,0.32625098826462384,0.32896626646747379,0.43011452985498438,0.28124875971775432,0.34064140000276705,0.32097546878062472,0.36894842770878983,0.34417649241810555,0.25010974331871927,0.30694924727116685,0.30252553003027965,0.47602343071898756,0.30258649468285903,0.33213803362540006,0.29142138433300646,0.34619230551206104
3298521154,0.32168093418703897,0.24894168844142725,0.27041851545687595,0.44645543826671363,0.40707102097569431,0.2710492322955681,0.20138068981591739,0.39242229374295218,0.35829712116651724,0.33154445167897029,0.25317018613605952,0.28036695575699622,0.43432323716320126,0.4043600195835127,0.26906373818712492,0.21007685713478536,0.391633836462562,0.35401857044141222,0.34617813057155372,0.27869974838398998,0.29038796079884854,0.40805890813270357,0.40054178820507336,0.28924840412862879,0.23161149402535885,0.36969826096612768,0.34238990497767152,0.33914421590414429,0.24184280319044035,0.23014523481052399,0.41624512384409129,0.44716927005150742,0.2901228801535754,0.21568197973392153,0.36411095104330182,0.37018815613628292,0.34325411515565313,0.24904345763422958,0.24157332225718575,0.40224084804863486,0.43962040783170914,0.29011525262869342,0.23273870998966578,0.36230782622593533,0.370312509082321,0.3528899059041285,0.26117321450285569,0.26195249710049001,0.38382529131120757,0.43127472164297359,0.29757136583614979,0.25693989859658733,0.34945952007702641,0.35864971329049261,0.34760336159403599,0.20940039959106899,0.21998998440098605,0.39261876334053891,0.48973561711492863,0.26546601812339488,0.2520578121540813,0.31136709163620946,0.40247047800151198,0.36160253706209883,0.23241685539144091,0.22406062756836531,0.38123662326732077,0.46767125681935728,0.27876960264183404,0.26846441297986212,0.3080408130562266,0.39533566547323551,0.3908471677672713,0.23694526451997733,0.23269256039169248,0.34525417111026852,0.48138609034866636,0.28425184490919314,0.27537633582110077,0.29137684960645804,0.380111660408254
3298533854,0.40472568439292611,0.15151224538338992,0.20299552702778872,0.20994658592322168,0.68538886635086238,0.20219640094543137,0.13634961655599864,0.14843216833618564,0.42034720586957153,0.41501024789726837,0.14597220894625307,0.18601017116538532,0.17173168160380314,0.70721414967179153,0.20665161949690539,0.12345828064214853,0.12455967945118117,0.41079583501804318,0.45964757576314502,0.18920419446886508,0.2196567127265899,0.17619969056360121,0.64816334246469087,0.22775419323407656,0.15231209503498827,0.14453373082834894,0.3969304525898486,0.35193700525464366,0.18573135241637437,0.40568899184821633,0.16347520821078362,0.54991347297910109,0.23799464753070879,0.40681404670805443,0.21426065137982547,0.28263917435587271,0.37575142532369427,0.19248303422968663,0.39579739519061669,0.15593752691848536,0.54072575273441925,0.239197727309021,0.40117968418320338,0.21200330181443658,0.29205921222148101,0.40948617236666868,0.20638482188497179,0.38800930059604744,0.15152130117628559,0.49469450781004293,0.22293797666642837,0.40971963681642892,0.22349340490524705,0.32244836206061767,0.13877938745378748,0.17728438975617883,0.61285201391738942,0.14951211290928265,0.18727884862681304,0.18207542893993542,0.63286610682210831,0.25495015921597658,0.13275959731817971,0.16965962071295002,0.19628880860317394,0.59976897494485026,0.14977258311238248,0.17818485020889491,0.18343002764721747,0.63169241999341974,0.25678405386293812,0.14199239552287057,0.19597524927673673,0.21401063603152898,0.58515964942119381,0.13736445714879525,0.15619030540308246,0.16825992048786029,0.64073385692353491,0.26084834372978799,0.15239343508580008
3298558312,0.38730820146906197,0.25790834397602597,0.42134550181988012,0.15826218095505273,0.48453464168635113,0.24171815365341381,0.46246216389488121,0.18624028975933135,0.19783450321226959,0.39528763600719002,0.2408241610006919,0.40984430299346336,0.14619266428179026,0.51979196754368406,0.19816220597849132,0.45920205294116684,0.17658812607720986,0.21190776510190579,0.40420792280322199,0.22257846525643474,0.41446374984964168,0.14705805208339298,0.51727004803066301,0.19634285342278204,0.4596035203879823,0.17801801784737845,0.21124361303023792,0.39733525315502494,0.2056916511637171,0.40658983872495519,0.15544369743797196,0.53935265047316894,0.15860876088149317,0.44349193416695071,0.20773283204277032,0.2333271021885838,0.42900165205570356,0.19043932853469867,0.38675733293088066,0.1522368677346696,0.55589714758590469,0.15286204255036415,0.41801425964355843,0.20630613024375904,0.23926250439441277,0.4475060735230787,0.19586095300105641,0.37697679658557481,0.15854902948344363,0.53796709786427521,0.16620320710685993,0.4217928761093287,0.20554116978062917,0.23861889730121366,0.28151562198215008,0.2036471082002021,0.50189105696590441,0.19111903981787853,0.3830305290235026,0.16746669141253348,0.51261819368852524,0.33308412728836329,0.2058536791835951,0.33296454621047905,0.2087022307978989,0.47449722807793387,0.18202655481448948,0.40896959694280449,0.16827569059591715,0.50138008913633547,0.30355776930543937,0.21953251975437132,0.34427639862905929,0.2374689092385607,0.45587915251858385,0.18895739729889877,0.39180531543955721,0.19236025518453873,0.50614337169675283,0.29144409489117773,0.22342092258310364
3298560930,0.21228664882351986,0.31358741947220814,0.4554330944715832,0.40683495029452899,0.2162598901249986,0.26577245936996979,0.30032286259208912,0.46990795318745904,0.23505885483056693,0.23576865013945639,0.3772714055624023,0.42320025762821567,0.37541881024833385,0.21148871857301654,0.30580065086922353,0.33503746332846024,0.41875640510820311,0.2370508961792579,0.23650181907967441,0.42418383860889991,0.41401038854821803,0.33758472732167727,0.20113046177225558,0.31834433344326679,0.38087205247394562,0.37436228169590152,0.22750753435294427,0.23806150753049821,0.29546842417823088,0.33411873099585571,0.48462188384226634,0.25277105390173593,0.27159105652302828,0.25903996765431481,0.47680469527284869,0.27826621589630385,0.27281058811612274,0.35748738473351371,0.31913980952619875,0.43841293826723693,0.24412431044842392,0.3305557033371519,0.28299471859201586,0.42799220831944174,0.26757040543771887,0.29443308129578616,0.40058268030205174,0.33246819868308436,0.37936721256590944,0.24669023182843422,0.35261177332216975,0.32094302021891885,0.37920423335761055,0.25767551365084251,0.26095600574499062,0.27032594536815813,0.33615209055321033,0.45121902615881593,0.30690101031328859,0.29319312445371037,0.26022286406410011,0.4252427163937027,0.33694398493469324,0.29748511629779167,0.30523879883634525,0.3288646275758037,0.4126224749976925,0.29860436372560872,0.33707118417860332,0.27153739802771354,0.39920911048265434,0.32255324322171836,0.32366357145130831,0.32619359708906209,0.34907604765512157,0.36123681292285637,0.30071315784922653,0.35475664120675809,0.29983872981278614,0.37019839489785933,0.30538942251384815
3298563892,0.43548926219226797,0.39425952286762955,0.28732778682610222,0.2373631127611876,0.30475553930383104,0.50883541479835614,0.25431860179167659,0.24036450144998281,0.20437111290982327,0.46910136599104463,0.37612059896248029,0.25584346847906675,0.22611648471782358,0.30674459587649899,0.5328084814967643,0.22740507954372197,0.22685883022129358,0.20183538627834824,0.44315884128416683,0.36302257223974072,0.27839570083793896,0.27199982027480263,0.28480788152938352,0.50457017709131169,0.24036295145982367,0.27540848168755899,0.2258450814367445,0.42461787755604824,0.39664972838856388,0.22027223521878503,0.22024011609454516,0.33227730750039958,0.53452707350557283,0.25163037896069618,0.21829820386230689,0.24133734941272864,0.45872745545038818,0.38140851273420084,0.19805410895765702,0.20192097076601789,0.31085894628399624,0.56824575074465655,0.22865367938789727,0.20163051656774533,0.22721192521719386,0.45231852999191696,0.38375766102625225,0.20238119467465768,0.21115891209030646,0.2772138582773177,0.57429972428716403,0.2323210915055505,0.21780690743228667,0.23347617438001103,0.45076289016391519,0.37136260727521725,0.20587870542326872,0.21151838069020804,0.36901832128429152,0.51103424710317025,0.26141701425544006,0.20259981571506203,0.25506956868885128,0.4756952880051688,0.3534623687016587,0.20322662889383056,0.20887917768789205,0.34408112502571153,0.52695914904731145,0.24894550883346658,0.20904932974467111,0.24918568168847252,0.49147172136150069,0.35637935317796565,0.19365606241751848,0.19266093823327679,0.32340140222018132,0.54734125227109087,0.23735314079489003,0.19324167363805062,0.24285512096857878
3317345326,0.39751943614074459,0.33141450394097438,0.21290611974658952,0.3484999308681993,0.42977053858835162,0.36031403316621891,0.23057316744009582,0.24883801750382673,0.36844026716218853,0.42145391473691768,0.32946068657440369,0.21883907849398332,0.32940317448646267,0.43495905919669825,0.34183889826145675,0.23097329436756506,0.24948094961839892,0.36851406812984022,0.41272675280857857,0.31574940604682727,0.24009778143795579,0.30328489429311772,0.4669128068333247,0.31955459223069549,0.25123777967104166,0.25471951604610743,0.36360016603559503,0.3817698495464536,0.23556836607987006,0.16733100176670987,0.31520667996771778,0.54195197601618272,0.28512555558563052,0.17822916447759699,0.20900914924266456,0.47004831049492946,0.45137864538814948,0.2398579127765538,0.16775424742910106,0.28892388708576566,0.5339728192088381,0.28414300639975709,0.17650921326507377,0.20655702443920498,0.43292200250207641,0.44685744088102158,0.25804989482458551,0.20010348290356947,0.28136512162478111,0.52303952719502178,0.30370464588344487,0.21437237756851152,0.22655070711839628,0.38914435156277893,0.32674136123238956,0.22479683377264972,0.17827907810884397,0.27362891059532352,0.57569262824280465,0.22364036768456313,0.25884911764508678,0.17686967395537909,0.50628794208954409,0.42092809523251035,0.23091042198819611,0.17258416116772862,0.24151108891655015,0.57132125034915981,0.24411873135519035,0.24635638435454593,0.17577842926967704,0.45143720778542712,0.43435868594702515,0.25279217348360827,0.20139883232650835,0.23738276926786997,0.55234863316620852,0.28454528557675007,0.26125351558140031,0.19923368987675291,0.39561858530073951
3629356261,0.26068641263507336,0.24617068164242223,0.35376515933164787,0.2172494265042835,0.50280783243776017,0.29658371396971184,0.33174517141500376,0.23980631945790393,0.43675613223670812,0.27586590862924704,0.24591831303665365,0.39088923803691006,0.22653976789918509,0.43176495146106247,0.27554887457459248,0.35185015601023206,0.28533486522813878,0.43788677208585947,0.27797333696512605,0.22896257129296577,0.38129639478682809,0.21611088472052534,0.42309963274077017,0.30673018965017884,0.30453197973246954,0.28135133668626749,0.48292968231928207,0.2627438556523975,0.24401695720756217,0.27484622253198626,0.21669756399256981,0.48041717021429575,0.29367103093337166,0.41315911006686001,0.26688436738235877,0.43583487060004611,0.27998421638377624,0.24900326751734184,0.30341427687288525,0.22328450993987364,0.43598120869846746,0.28172118185966533,0.41981714996632952,0.29226053799598883,0.43195009942402812,0.29780013811966261,0.24434099629918921,0.2826102189746148,0.21756332355532321,0.42443842043301089,0.32551465522298079,0.35601667846248525,0.29159375450213937,0.47594919700294286,0.28600400691177247,0.31699904426834369,0.36691586204016352,0.25133464013124335,0.39204474654399801,0.28957410315436266,0.44387987531122636,0.29029821016669938,0.31790293730502867,0.28404976427499568,0.3075767844759606,0.36977909258014408,0.24640376947918755,0.40031374912936568,0.28727893984048519,0.43726817990102856,0.30031215400047251,0.321075801778614,0.30173991880616591,0.30951138053309141,0.35460687542353753,0.26381260959646946,0.38366262443296972,0.30787745316782622,0.41346428430267135,0.31963374157718566,0.3204817752619637
3629357957,0.28681683608761382,0.20250922113651348,0.34362533818484869,0.29537761722605216,0.50793805574005302,0.29936772428037051,0.1886799628284746,0.27937695561196108,0.45839509824285202,0.30635023615280405,0.19102538757892831,0.38636640887827595,0.25314084929213077,0.53620798596514485,0.29418518129173848,0.17108809217802745,0.23914687445404656,0.44246267552762902,0.29161626012950698,0.20972881375362776,0.37925805515320188,0.24287959556828839,0.52215762488363027,0.40050855342100394,0.17831001207425695,0.21804529244985085,0.39465514140905378,0.33048619485016212,0.22852760364559643,0.1656135394964692,0.32367484501210037,0.49361699371043227,0.36945123072207786,0.18163355712593654,0.28447418222927517,0.46075208021711739,0.33993208822225529,0.21963150389303976,0.1499542670670225,0.27829185878128543,0.52702553095398874,0.4118725573434811,0.1775280138046057,0.25385214368729697,0.43923056647796122,0.37618646264055589,0.25932338198571681,0.14326925519411574,0.23763781959123423,0.50149992987803804,0.51384077487910618,0.1825723489181833,0.20399186941787578,0.35179173656606677,0.39060764631633837,0.21630808809695559,0.16687407180158925,0.31228063770843922,0.50284891088008732,0.38592892661617301,0.21148498995323725,0.27097051537301942,0.39410813069363443,0.40945124151044843,0.19787998262876072,0.14154136824033553,0.26633744865982645,0.54004759223455534,0.44079853847186889,0.19087071951682028,0.22956496029357701,0.35656292639718762,0.45954694295385873,0.22763109176020541,0.13150420766708032,0.21396127072910437,0.52958773041248863,0.49199425445375172,0.18712013613803632,0.18576278715853028,0.28615489237091196
3629359103,0.35564040021522175,0.3007754039996719,0.38671330861444986,0.26852725716086268,0.42043327426563776,0.31436733632991404,0.37414712323034321,0.25166529731775017,0.28720637525055881,0.40027743816043593,0.29122913957566154,0.34274065328629599,0.25532807645181138,0.43880607277259004,0.35466619718517611,0.33030956992138616,0.24136832890846868,0.2942753412688654,0.47300034677769076,0.27288340103787145,0.31197474278763931,0.26859034597992798,0.35793752419239322,0.32484861240248747,0.29380980060510264,0.26972151616643308,0.37365289111616767,0.27928439403060873,0.2456577585323296,0.22955768704439575,0.23999113011525772,0.42771380632981754,0.2475171909366978,0.48495061035462045,0.29438520070316693,0.43048388930198944,0.30120798147637601,0.24053077959061575,0.22156552983079528,0.24887655070217277,0.46150767377609597,0.2576505780012962,0.41589603205025577,0.28829068573525313,0.45269597960928959,0.33963118061886888,0.24106124762369524,0.22007369727454915,0.27961310522474708,0.40879960094396622,0.26175240299376468,0.39472848646342878,0.31319408146070837,0.45868467043910305,0.26731985015816673,0.19240598018056021,0.20671345863396387,0.27511230956636051,0.47476603339870271,0.22173297393533384,0.39117767743138854,0.29251138124314385,0.50985444176101069,0.29524989163376081,0.20119061425494261,0.21179113214171277,0.27262842797148268,0.48992243293856591,0.24377970709204505,0.33484990141504922,0.28112788316322779,0.51240428002946392,0.31972482683868664,0.21035856694160704,0.21955545512314203,0.30352193137985001,0.49084439523122708,0.27060549184281668,0.33810891863285164,0.29795780049373943,0.4426545248509362
3629372925,0.36321293520354669,0.26341291667241301,0.31120343027093778,0.29347159982517901,0.47008286535042076,0.31527479128514602,0.23543636753774644,0.25954099869900893,0.41539008580983489,0.35727045567107435,0.26758617179394584,0.26408360500521827,0.33920288612497673,0.45519701185076988,0.29901869244027868,0.23594718479768953,0.27218257071697327,0.43541448812984612,0.33512165542461814,0.26679413179334366,0.27305497714256483,0.36936037136521921,0.43274229326294522,0.28422913790373683,0.24863387998745187,0.29343832127884839,0.43537489153912406,0.33672282563711642,0.29910394532101392,0.27153581523048226,0.30720520843575938,0.42920214427277664,0.33682097294147612,0.29693249561170787,0.29984764967133104,0.3915449487782528,0.32164963048388362,0.28183850187923903,0.26923018241554691,0.36451443951854823,0.40136392214125927,0.30570703263226839,0.28451432792810277,0.31687241124777732,0.41934064287767103,0.31543406461489776,0.27159277787786301,0.27750977372429836,0.3801363233109642,0.39331484712771991,0.29517259274281715,0.2925029336660826,0.31755517961634622,0.42071452291246292,0.32092993549528426,0.34477120144326256,0.3132185517936828,0.30628658643515982,0.36493148033320388,0.37023143340966541,0.32351934011336886,0.3004393011215119,0.34791465886753881,0.29542759091408566,0.34126078314213065,0.31455721669568004,0.35761785723760692,0.32445721856227677,0.33743674383362987,0.32764053254905012,0.33688851187796637,0.3597896509814052,0.29770419352161681,0.33133574589442755,0.29790716667764489,0.36296610618266423,0.34044805709714837,0.32742119317764712,0.33178110902487484,0.33285098177563466,0.3702941303364623
3629404073,0.35512181277580657,0.24857572973288708,0.29649930844316635,0.33468307580891771,0.45175194959701193,0.24796561679132473,0.26749861467245617,0.28893282272867005,0.43768656496549246,0.32560700288401251,0.27244536941694447,0.33654804076842937,0.31303745208699457,0.44098136963554246,0.23998935814427713,0.32812534335352883,0.29200015642030275,0.40435968781505777,0.30321319480122971,0.29570937591452245,0.37201873048936873,0.31280500923007182,0.39670539448771858,0.27397040755004598,0.37632086431810913,0.29604756548062722,0.35025174260239977,0.33979910428686166,0.23948732410602105,0.27741745368772325,0.35969899123655258,0.43469405930102589,0.2428573424650407,0.25352783652584671,0.34981320365928131,0.43157190660801514,0.3426466184282963,0.24208638954690789,0.28083744459404142,0.35150067200088864,0.44264267179507694,0.24705651162861572,0.26926301721496437,0.34506605575693683,0.41595967647191695,0.34262995025348836,0.26303880353658071,0.29516058312265858,0.35082656624856001,0.4060492463944459,0.27889650437336155,0.30205617795344403,0.34218097999958652,0.39016819950745141,0.33273280255989368,0.2056007655192513,0.23943397478534847,0.38092498593632385,0.46859602084729102,0.2176088366510886,0.223392730788501,0.33691726931462146,0.46285129734208391,0.34758845949081285,0.20040098336338102,0.23274793207042685,0.37803924871145422,0.47729186832497161,0.2202425874273512,0.22211243429750305,0.32403839634476755,0.45965995722764319,0.36395378634705688,0.22370025723062736,0.24969800212038021,0.37210168375233599,0.43940864024629439,0.24539101533416699,0.24874519321772123,0.31958634435776401,0.44652071939167165
3629408961,0.48740681696312776,0.35323923470261842,0.23201134522720079,0.20499129047023634,0.40234205555551722,0.503988869167317,0.19843656175812041,0.18375227745720019,0.22973908728325737,0.46059481705677385,0.36163441728210743,0.24919196758324896,0.23021343504998268,0.37202570349942793,0.49547168390931873,0.22178273034525414,0.21663103087922725,0.24893007987274685,0.52171566518898704,0.35305234448201167,0.20671837170825572,0.20548653583911991,0.3415660136184791,0.52680902226064252,0.20219468441967595,0.18345071205096711,0.22243571470804271,0.47375331442688579,0.38690499392055316,0.16291576572675312,0.19339632756480474,0.3045122289011708,0.59013411884668443,0.21851966624519353,0.18729733491299377,0.19519607198385378,0.48004087503373122,0.3826076640310947,0.17278210020041335,0.19961581839661083,0.29306731122256541,0.57921959236444009,0.22377778473946625,0.20068622632942423,0.20429572364028617,0.53427335380263474,0.35478456206516568,0.14526093460166453,0.17401826218374647,0.28624545588208278,0.5933982814889569,0.20470815768139503,0.16774977950740372,0.18219052798083427,0.38932588115512684,0.40143465996194228,0.23859881743843564,0.24363414486995114,0.29852267307054842,0.53025136807192208,0.27563941419030225,0.25372603345606753,0.2456669939546523,0.42516592981322582,0.3970230944152357,0.22731939641013993,0.23459015871978936,0.28924577662250639,0.53546264646658848,0.26251651222270872,0.23996506698427067,0.24087009994679712,0.45067295573531607,0.38767878908265968,0.19739037910493334,0.22250933657601468,0.30416540322963154,0.54279594779055351,0.24879719916522622,0.22490466096133274,0.24186664152581994
3629413075,0.32636983880679726,0.29431526797204399,0.30170361578188692,0.38393512549423775,0.39902463397006266,0.321090556743857,0.25044202161608575,0.33819165009600027,0.35918710526558556,0.35808964766194418,0.29518084525336091,0.28473627356250863,0.36915084193045727,0.39865403015871992,0.33386372524355984,0.23958514222014182,0.31924892307362301,0.37092050848790709,0.37386248515676712,0.31805788012274588,0.29058879147016287,0.34037762825062157,0.37936120121856648,0.35435901685433574,0.25772108475202476,0.29801852991965155,0.36612401709968323,0.33777603188920707,0.27096608035495701,0.24202419863030378,0.36402192821596907,0.44585370575818201,0.33802594607972297,0.24077218965733976,0.30956397827564253,0.39312704102235563,0.37418646379363502,0.26931444086227391,0.23464541369508152,0.34432800821196713,0.44895890381366632,0.35983606477945868,0.22957240034524359,0.29015391576377181,0.38196214834996289,0.3890656001281409,0.28785102633429449,0.25886535116824333,0.32297237973330173,0.41623100327227758,0.35982350940408053,0.25321934820155789,0.2916035453238941,0.3775889650653183,0.30027504581920406,0.18953068656175664,0.20388181410612699,0.38625917320420544,0.50322969397656403,0.24687809788120429,0.2060519078160449,0.29586248192339065,0.48884367593705552,0.30798446128511076,0.18557939656052574,0.18957135973912453,0.36795796356284494,0.52633006904233959,0.26436979724010234,0.18910618137993329,0.27470089404968268,0.49116088661312285,0.34658590666095695,0.22491291239552447,0.23082178529170344,0.3511839525831284,0.4763383782584466,0.28831099789021508,0.22966155874970395,0.28726389620555615,0.45540865870454522
3629414913,0.30743730733682795,0.305346785717516,0.37550194226268219,0.34336295839492342,0.38803103934606448,0.26275217658013977,0.29973333050986617,0.3656794777426009,0.33192989515628069,0.30434222322479415,0.28481643478906754,0.39033426988719755,0.35162774881242648,0.37194722627072174,0.2410878500162319,0.29177393210322566,0.3845682489402949,0.3475048542377745,0.29776749468656788,0.28835975857402751,0.39776017332781466,0.35637241625684368,0.35883219919453563,0.24662927749627184,0.29346948877511336,0.38878698486978214,0.34073815804291052,0.29312317456007247,0.31044697276356908,0.38260501800491054,0.3031842217973878,0.39235618516004389,0.26059813535430787,0.36940742272268351,0.35359359875917407,0.30991797934020043,0.3108170174307745,0.3119148545492248,0.37819080651539333,0.30049344961736901,0.37249864316924697,0.25990234475327512,0.36400354636983606,0.35580315851077909,0.32768636589282796,0.30724311125544973,0.3187327697490977,0.38004009840319719,0.29507918768160307,0.37364863037180668,0.27178234331749884,0.36378830377445781,0.35035327441949116,0.32239818080331351,0.29099267925791172,0.32111595006910554,0.33963701530589374,0.30204424841727118,0.37375374109823334,0.29489951210143839,0.39579095474338399,0.35164033235558351,0.31410949993800025,0.31139898493440049,0.33995595917863525,0.32936721213189413,0.29019587085937543,0.3571341853663344,0.31265899051818302,0.39913921052384743,0.332525589074189,0.3155603790069717,0.31018810290762078,0.35696020865967309,0.32440923945458577,0.2745279784354554,0.36719130704763736,0.32785172573293425,0.40008142802088387,0.31805403065542792,0.30367095003474054
3630177754,0.37876347400959687,0.33071623014201362,0.30959347883780419,0.27745616447542976,0.31937047069614072,0.4605537343401126,0.29981416420901691,0.30600580759434132,0.27694695779496342,0.35586409848995026,0.3420022130767586,0.30937076090706656,0.30490785662190217,0.32417780253264744,0.41155612938955244,0.32379425543639778,0.32261588502247479,0.2903837483170042,0.31309972038450767,0.32600746602908154,0.33432809464375651,0.35349090013199014,0.29437477083969948,0.34800906328603515,0.33716889715666654,0.36974641515918483,0.31748149606576803,0.37284386055371443,0.37627625875869541,0.23049841876456331,0.30444115137048106,0.33148806433018912,0.43821138323807907,0.30841459805650717,0.30166630755852708,0.29249616458030853,0.36295255609396021,0.39150228681912946,0.23397236463607862,0.30782552181081552,0.33221343262719943,0.41341458773012146,0.32261021172176813,0.30569648093066204,0.29442604574390935,0.3370622630551553,0.39523273896431049,0.25770636289236754,0.33229284022277555,0.30854566467086608,0.37924428667325633,0.34375256020696565,0.32421239105880095,0.30173307056284332,0.27875441850416449,0.3667325152239036,0.28713688385263203,0.36643869268031698,0.34119420932741013,0.29641922127936743,0.36210890320827704,0.36955757123614874,0.31480917697080596,0.28159350472876776,0.36206687268151133,0.29068728923419762,0.37131171853908435,0.32741867672089969,0.2900086668976411,0.3550578629503211,0.3806376493551783,0.32400933502636259,0.27895043889637688,0.3573863379863817,0.30235223224443841,0.37782149659246117,0.30701233878089595,0.29139320355782455,0.35766303151594586,0.38653442772930519,0.32217604917186704
3630184852,0.35079811035269637,0.32133967717522705,0.34390782621356197,0.29803813628212561,0.42119893551136933,0.31478412768075298,0.30572144220422626,0.29099247414815277,0.33457786583132321,0.35524104317897476,0.3226154975939417,0.35827195648662896,0.29406874873323652,0.40644703572086283,0.3056035025340012,0.31353821425760642,0.28517537009884414,0.34156098178705929,0.3697332663503532,0.33179668098398268,0.34775616362197453,0.30082064892258531,0.38208346877618304,0.3354687157298657,0.3129924124706831,0.27641835251666058,0.32997341475475533,0.37234597276875575,0.31357787762977168,0.29273430357050279,0.28118035079058762,0.44417703828173499,0.34465231680044572,0.29933235753575033,0.26428473205597924,0.35035250106519461,0.37441100309676129,0.30511113187830619,0.32561182290130386,0.27121202692456525,0.42921367268167843,0.32845270492992829,0.31743535173773213,0.26105687734859684,0.35513815435905099,0.39161319520826543,0.31055022417856099,0.30591089874899119,0.27001843813025578,0.42205643330462839,0.36954282013412049,0.3064621548618025,0.23628586159205703,0.34534421357121464,0.36236822636432131,0.31065659337874862,0.29112223057029729,0.2797239941035724,0.42886162523875482,0.3456133364189154,0.33005242454402872,0.27759144350510156,0.34615254601259898,0.36519246761775032,0.30438092558005714,0.31119789307973322,0.26390640123263082,0.41827366763181401,0.34107635305766376,0.34898613575766724,0.27026446972167006,0.34839034913210581,0.3794183558048172,0.31654824836006212,0.29181832910849864,0.25153635079280934,0.41758300703400975,0.38945208431940698,0.33956747667888265,0.23376542438740941,0.33378075492620113
3630189388,0.31775285268099679,0.36224946218427534,0.31393726670813871,0.38001525251055285,0.30895684879037588,0.3699166346641356,0.28726504242705464,0.3441512933751123,0.30263223635843872,0.3235810439783447,0.3891364013944193,0.30278570306837899,0.36389480824787962,0.29534494059548116,0.38731330999437869,0.28822427955223873,0.33941672907278325,0.29026256756973468,0.35228771073681003,0.39860007790177338,0.29364944998285913,0.33651538226193173,0.30122685227873564,0.40281356701091137,0.2883367598797244,0.31589478246037966,0.28568294529059868,0.33397149510295232,0.33664090843162386,0.29167935239402371,0.37300042593624477,0.3229739992586228,0.37633625172702367,0.29865586597915206,0.34187411531663814,0.31450810862871764,0.33324007559625957,0.36332954482156743,0.28287648796284781,0.36202540931677096,0.30285054966080444,0.39406427355378348,0.30040833386749283,0.34275720124628561,0.30187481897847024,0.36686638538581917,0.37424563683119833,0.28034304436619439,0.32991895905635599,0.30827731947923465,0.40731776732973296,0.30828314344340657,0.31420019988964809,0.28845723319556849,0.31719524174017172,0.29695459212100345,0.30577968480054107,0.38066153556629356,0.3277722269416381,0.3505710812880844,0.31705697537569477,0.3582063697974327,0.33708911301324146,0.31106263333693429,0.31825431123427855,0.29692256792046673,0.3816630495955628,0.30870511370534354,0.36175212786950001,0.31315686004484633,0.36715242089517208,0.33029222713194584,0.35029886901804336,0.34623025450666584,0.30260477527270918,0.32750759652238515,0.31448560756465732,0.38484672499970818,0.34014070652538442,0.33172910944198009,0.29297836839730834
3630191670,0.32182255489267253,0.28128729571763111,0.21798906366545723,0.41219064062516136,0.42918407447061452,0.33453437685709181,0.21036948507009209,0.3635439228179177,0.35686916968635729,0.38581919693217348,0.27250353143051664,0.18978908641972794,0.33606913799713095,0.49751483351180692,0.34634943840697741,0.18687422270509479,0.26429326243112317,0.39455182879746159,0.39070098865229258,0.30839500698585709,0.21743424420164678,0.31522821380035865,0.45396303876591748,0.37555808195468798,0.21457514838821851,0.26216681401873648,0.37907587004104482,0.40467595673598772,0.25940192059914025,0.14864784744874818,0.27813933057245105,0.54649373718500471,0.35586502515719465,0.1932261111915487,0.22041126172221959,0.39784111374921821,0.42973185190201746,0.23414194739313665,0.13829917361583874,0.2371623021047525,0.5951683418879733,0.33407214749155573,0.17426740948043887,0.17722866085604488,0.39689641515514773,0.44852486840698141,0.26491429544275857,0.16913946636048804,0.24640805151132791,0.5401254965661999,0.36575946059583703,0.19489856430988306,0.19344923984905762,0.37201768617849629,0.40618916584572279,0.26201368694157712,0.24329177685332184,0.224171179347288,0.55141025316506576,0.32099502420865228,0.27565878969474628,0.19385953665721897,0.36912762145068245,0.40582763208201889,0.25040179735051143,0.26482113161543119,0.21724998687616554,0.55200515957411145,0.30036791063330942,0.2806134701069174,0.20856821362378386,0.37161790013704787,0.4184026207104497,0.27443524462410368,0.29140279377004025,0.2495044963332424,0.49376211043779761,0.31496180406541902,0.30326270358412039,0.23278984383194506,0.33659337603910011
3630193866,0.32110417991450479,0.272715179487652,0.36761644779399494,0.34134423248165646,0.39969308484093258,0.27862871039473003,0.33664543633317318,0.30011363942990021,0.3606576236218858,0.34913184094443145,0.26779490046674193,0.34868276507638107,0.31679353806271582,0.43341383310804149,0.27542173273298087,0.3231490503665948,0.28079447890375558,0.37078226925893798,0.3507412828071102,0.27336758862556237,0.33209297739579957,0.32372144839393552,0.43194623355027828,0.27710971961227671,0.31356022231574276,0.29486480421421862,0.37220527879226523,0.32447727043707475,0.29589570390224745,0.33901825826624354,0.33092440292478015,0.39998040447887995,0.30083522090547421,0.34122124408734278,0.30908044317457506,0.3467954339521705,0.34937813210114815,0.29295048423881398,0.32335802111401191,0.30322546811695344,0.4349449735195976,0.2990203794812385,0.32897209403303901,0.28275081130389768,0.35895383228801703,0.3550380151836563,0.30246251773149629,0.31330518708167859,0.30676671227564672,0.42554993062525842,0.31389467195406856,0.31818338153874243,0.28835043877554456,0.35523121954770648,0.29068713932864654,0.28690265287634298,0.3671145702774955,0.30820244639705652,0.3859953801474641,0.28505690721945348,0.40682990852253148,0.30960540693646993,0.33438007292067484,0.30535304139874914,0.28933041155949629,0.36606080039747985,0.28199845588880834,0.40714313107867278,0.28098296166036996,0.41042459498738976,0.28783962880340691,0.33690774762655146,0.31014598690727407,0.31532051268046135,0.36785933451675568,0.28483887423140353,0.37905755746676967,0.29889732240574457,0.41229242840843128,0.29498313683887384,0.31289681633025657
3630226176,0.3737359735486942,0.28069087978865365,0.28453484645176763,0.31993058229565075,0.48899698570271821,0.3030828474757406,0.22938467048981301,0.26451710402092227,0.38033469867368286,0.40424991240204466,0.31912388289693999,0.27663133753245789,0.27747950847471509,0.48045724066768791,0.33397488214748672,0.24842343023472133,0.24639758868455414,0.34120053294031216,0.42095417753197789,0.32396411745105236,0.27389736955977034,0.27778136807857468,0.45598011223579438,0.33795639646194686,0.26796432879004373,0.24878554695237834,0.33140765518588849,0.42026984075042262,0.23699252323225459,0.20918748740182716,0.35270530574363013,0.48913197065346242,0.31270892455271976,0.20593594610313881,0.29788818332957506,0.36175047069663507,0.45632774498253115,0.24129655045648218,0.19995611072129341,0.31333951199402188,0.50539516436074505,0.32616363789241459,0.21528004069478232,0.27426656902075658,0.33466730695670321,0.47300072072410959,0.25835063654258561,0.20317484970053323,0.29839475195215648,0.48233702390570404,0.34177051608421549,0.22864207001690934,0.26275945142865736,0.32928708162569426,0.37854101625993869,0.25483174451987411,0.2385189545079488,0.35820207748916855,0.46864323922084178,0.29571763910918925,0.23551668511678983,0.3523367210435262,0.3462408929652977,0.41665302252974123,0.26398648712378447,0.23671324210613504,0.33169045803024771,0.48149959167001005,0.30313314618070225,0.25292203777647532,0.31680962573028681,0.32029703927024916,0.43874604622531327,0.2858075658400196,0.22605649530056199,0.31033082668895068,0.4508607220208386,0.33508815820151033,0.2616267940210929,0.29414686372245608,0.32844898836863579
3630233340,0.28263922123994945,0.29083770069035614,0.42176279829687374,0.34153405027365713,0.32353128613283433,0.24876802833211714,0.38570680324474027,0.34216497981538302,0.32953677432596368,0.27745934575187281,0.28966583854421096,0.4240704294844273,0.35535679861335695,0.31395466176566805,0.25106016811823878,0.38361428778890905,0.34635843613192036,0.32291328505208489,0.26787743409996057,0.28662173048932527,0.42345111146143749,0.35524411784956617,0.32580756000407352,0.24959540596928748,0.39014108271858083,0.34540123356444552,0.31720641933787158,0.26126075927872561,0.2585891386223752,0.40950484967724948,0.38929987917717002,0.33605167165277944,0.23146219877952326,0.31245971926988564,0.38680344054856902,0.36314238102043617,0.26496637249318089,0.25704712734051688,0.40297818415574016,0.39764509326355307,0.32603181958637389,0.23878063928598967,0.31668975433155622,0.38596962066438983,0.36142586583326558,0.26270790537017619,0.2584072481085164,0.39785903932773992,0.40379722524526573,0.3402527110831593,0.24050300776033159,0.31743494024522007,0.37865364464488543,0.35370764113935094,0.22428772600627983,0.27090273917349028,0.43663821697160232,0.35648548285912407,0.28674089166709232,0.24167420869101522,0.38785150082006919,0.41322345929307386,0.31106703902307697,0.23901573375340002,0.27082553888426092,0.42866070435756493,0.35663335260767792,0.2828536692794768,0.24587812585891197,0.38745424730211697,0.40696989247123028,0.31996892052310821,0.23558644881445753,0.27684457659128819,0.43220584139889362,0.35975929859543748,0.2735754616493159,0.24866186027438153,0.38968290496732305,0.40858859476249337,0.3100867506350839
3687286761,0.29688678947208719,0.29502021005731444,0.38293324931116496,0.29203524350469573,0.39971105563317882,0.37485768864371649,0.3480952113303904,0.28120369918801225,0.30391745026996353,0.31640715703757472,0.30537715315658526,0.38057101411223559,0.25627919440905583,0.36920000833805833,0.42310065922952106,0.3341447173616891,0.26788863092688542,0.31205469758321447,0.34689052032829609,0.31111517211428696,0.38939183916996173,0.2137132727487539,0.32893077696965572,0.48116718399795577,0.34147233852618397,0.24576763313536557,0.2623976384237644,0.29935922406978727,0.39442203363031447,0.33081823093668616,0.28247593642877911,0.31966524451735623,0.37539158749022039,0.40095653449130692,0.28403646155789686,0.28466538018939586,0.30653496764902582,0.40951946278356799,0.31833437393540032,0.26155841670929897,0.29116565919475573,0.41876670007720079,0.39330277852566803,0.2758123277509838,0.27870777939546482,0.32563399834868184,0.42181904167205214,0.30536676279656583,0.23447195259981621,0.26982346030115895,0.45384434877952856,0.39995503519784403,0.26275211332476184,0.24499618620754648,0.32466417231833228,0.38860166797008694,0.32505861054423868,0.26536378424632961,0.34113614712009366,0.35151603695001293,0.41177710878616064,0.27490922280966845,0.28710277871290529,0.32940023368835092,0.40806110620417552,0.31902998925344633,0.25002178819279497,0.31509303898175023,0.38803981995836517,0.40826249632819717,0.26530385132288414,0.27160201606548917,0.34153938843290471,0.42493476433345528,0.31809348474827553,0.23134712096755378,0.28498171367336078,0.41483594601208901,0.4172600228702732,0.25891783607785929,0.23157831186665759
3687287373,0.30613883995270996,0.27997893332743173,0.43698732390370931,0.195066947714988,0.43288312290702857,0.32084893047379215,0.37638068086566029,0.22779396151617237,0.33911266943869162,0.30009025994130367,0.28945852837989933,0.45091470582898407,0.16262099965973062,0.41945490607696895,0.36575795252501092,0.40893719760753516,0.20893643158296646,0.27528992318906936,0.28007981763302148,0.31148325843493269,0.46698533672150289,0.17369780233601628,0.313398381355938,0.39865481827390986,0.44629239061954828,0.23862956489167517,0.25104191081150462,0.28501080524914618,0.36454867234304494,0.36182825439617189,0.22658113015099168,0.32437500665541746,0.34576991794988921,0.45520001608239852,0.29711669871189922,0.28870924146136129,0.29116061411148386,0.37769592747674136,0.34089390233372951,0.20800994499828013,0.31615017147111235,0.38881203144405313,0.46897012063178706,0.27933143654275738,0.25300142844397183,0.2986825173451878,0.38935096940615166,0.35635251506402821,0.20472180474302626,0.28393126133959512,0.39676964524170222,0.46684190086864219,0.27267178486422478,0.24487149950064557,0.26157316394357416,0.38561855357676883,0.38179056263941891,0.26962750824539472,0.24423344170780012,0.35370322258108511,0.45932802096426106,0.33874485362487089,0.2322251452056785,0.28609858408394062,0.38875373447933109,0.36480711046493514,0.26422319470744959,0.25137299470200669,0.37035351669399036,0.45048238158643739,0.32867714484735711,0.22979739206415228,0.30593621393191511,0.39391106955979921,0.35367367792348609,0.25098478872303759,0.27086253608319033,0.37969394411130347,0.44205253327751548,0.3094662614282927,0.23333417351396815
3687288073,0.23179156395026448,0.22566788217008951,0.33387751485405898,0.47143496701364623,0.31528185685490973,0.23376964184238164,0.22863774297398937,0.4451465233851909,0.39640888504023725,0.26265427232818828,0.2409803446683276,0.33894754403621019,0.44512909464300515,0.32944401591084338,0.25022287599379889,0.23247760380462174,0.43720050441896324,0.37892068062897244,0.2547782695456679,0.25808748406736343,0.35337380457928702,0.44549199194068406,0.28931506581296512,0.26357408038378927,0.24980430676431395,0.45684904107874952,0.34764201674374828,0.23431999760333813,0.2522783982147872,0.2710185523371913,0.50141236782263077,0.29934376236607374,0.2548597602167833,0.242720133336323,0.42974780640548998,0.39803001559105644,0.25887289985258294,0.26704514404194746,0.28321128825710928,0.46663299880526882,0.30919070831840467,0.27401335553069817,0.25305001113933889,0.42434578141002099,0.38591559779632817,0.26883461734709374,0.29982427892078173,0.30146333797358227,0.43057435397211102,0.2945608238804947,0.31116732884731396,0.28338817502148766,0.41471511262769534,0.35450000344539029,0.27522137419073972,0.24099949634969653,0.25351397224151545,0.46936619768001436,0.33864216060582192,0.26644932710717667,0.27056604415916286,0.41935893089849813,0.38321900802269865,0.31866924882354986,0.2512221980627718,0.25746461646632574,0.43097727548321674,0.35648156854909169,0.28620337696110787,0.27621155520350699,0.4010363840869407,0.3703962420895936,0.33589181802329054,0.26023986671505817,0.26878723863468951,0.41152788222855508,0.35368752574809714,0.3024344296278596,0.28594607624605411,0.38847064532515546,0.35862801857583759
3687288705,0.34883754858123589,0.25970276560778766,0.24752847628957458,0.42013375185301144,0.44143853293405133,0.27425433386646059,0.20517261212513638,0.28051208738599631,0.42686983787756427,0.36356523230611398,0.24840743307581284,0.23525175774306864,0.42184858378179618,0.44750994284619544,0.27236387158121195,0.1944080451209021,0.27826642970041071,0.42794919760691924,0.38213668862875783,0.23824671003374953,0.22681856551578913,0.4188556879776954,0.44719711584266808,0.27121834007688067,0.18849566724419645,0.27711090650140602,0.4294852422942782,0.36757970223044462,0.22613764574916342,0.20823274823894702,0.38310839655268508,0.48999366875556133,0.2613998593761539,0.21477256114788906,0.28802500714829632,0.43139848788542573,0.37600882182640749,0.22296018974630949,0.21629144059679581,0.38103655611923531,0.48549250984375075,0.26249697034076136,0.22003227267838499,0.28620916892799503,0.42661192732509168,0.404666156441577,0.20523763819169297,0.20094078305921981,0.36762135399961687,0.50716181321009846,0.25500052472276186,0.19476888673190315,0.27123987414030565,0.42994858133158043,0.37898607206840207,0.18070442055217706,0.16550004479727631,0.28694824439549821,0.60525662765425248,0.21926991561897147,0.20386371619865098,0.24059791956796336,0.44735136561915162,0.38425693233201569,0.18541761115358582,0.17920601156630192,0.28699540772809118,0.58874906435036034,0.22731845981610996,0.21766135014869717,0.23797273499594701,0.44852995452784555,0.41768889936894871,0.17404330304672563,0.16239981374692669,0.26880016769402421,0.61243119427715553,0.21983499547643021,0.18854074857719344,0.22336365496792418,0.43333513842197446
3687292105,0.35621617675680672,0.23104463573681955,0.23265626717730747,0.30796970475955626,0.54843547948913596,0.23089775523283984,0.23114454900231263,0.25107180925491601,0.44743045741593546,0.36968093491240639,0.25075822545957654,0.25983612619954211,0.31461799599285767,0.51719063227245143,0.24647381121567824,0.25530011039813955,0.28310250508641333,0.40049512159847372,0.34980701597047542,0.27775380236200609,0.28973479015082992,0.34039124584526143,0.45764535536198342,0.27102872216687629,0.28027896050116696,0.32190008733983599,0.3682439578900441,0.36961633824822165,0.19706099043520403,0.18150906652635446,0.27381644658105575,0.60220577961975197,0.22439672728415083,0.20289496315239006,0.21572225170232714,0.46467362196734296,0.38826776741821045,0.21757396641869575,0.21293082234824234,0.29459579711197903,0.56102114610139076,0.24397171378712346,0.23294764146880348,0.24895045722414083,0.42340951271399208,0.36165525024590695,0.25594431084253,0.258499291784555,0.32232043701284052,0.48492098036088904,0.27748597537650721,0.28135248990269235,0.30572304575580594,0.38498441201530165,0.31920974527745438,0.21170885441661913,0.35625613095539138,0.2216840729489403,0.52899051560508559,0.18805868550459162,0.39878022733190654,0.2140348241724592,0.39647018575978693,0.34141254040091412,0.21822552069003096,0.34824617647117684,0.23249447360084413,0.52442016273272418,0.20995353369036004,0.38313304197981346,0.22097735044846964,0.3817945523301487,0.3035066766314628,0.25532192606746201,0.40263285788925768,0.24536263949869636,0.44276728099153378,0.23255209428700388,0.44167850476107134,0.25470123530578881,0.332117999436431
3687292619,0.28959660075204346,0.1792914271634419,0.18833787376174121,0.50244405845533224,0.47648383626231616,0.18938358368411301,0.14137249555401651,0.33869117564620377,0.44549556149259056,0.3134675051111589,0.21808523778623506,0.21732971416134428,0.47333308394051854,0.45590060883734745,0.23469183353435069,0.1702887472726933,0.33920687878092648,0.4194225953493057,0.38018226236973834,0.27843085352336028,0.2311818497141705,0.39591304687079404,0.43825891522769111,0.31243086545914361,0.18939802408303133,0.31358483463142528,0.37928155543024611,0.32595779822574794,0.1248660952932039,0.13557384866340297,0.30265107206073727,0.66573763930391139,0.14793468542407912,0.11457973513946498,0.19777678142712757,0.5008458553331705,0.34711494275840032,0.15131849729115082,0.16167988673012412,0.29415143647077902,0.64277272261799046,0.17128551123031566,0.13849464435841161,0.21442137358878152,0.48610252441721213,0.39956211669055408,0.17714612753784317,0.16822784487934239,0.25728087653767784,0.62546314394116298,0.20748073534762304,0.14775172304088172,0.20415095178777459,0.46552626686061649,0.31682055049142116,0.14117593358923125,0.2211129271335226,0.19469228018125384,0.67680080045826918,0.15645529594941193,0.25102419528581793,0.18121242244423827,0.4631515869833242,0.33267049550926281,0.15834404665931975,0.22889614245596898,0.19974013612471234,0.65729873616306678,0.16314251645250427,0.25201286225606806,0.2004077123166664,0.45786140881056531,0.3594368281750896,0.16589231365082932,0.23938847661452942,0.19375713705487579,0.6332622438645128,0.16141536821829758,0.26117277795306942,0.21326150628302695,0.45570662736302336
3687293943,0.30945842379215754,0.36343893741413424,0.36730972620880453,0.29389141920665729,0.37808998419042417,0.28989107412365411,0.3953276285445731,0.27326808431517285,0.30481266490158015,0.34911643454526897,0.34372757363995443,0.343168976430622,0.29997192549686824,0.40693851934320174,0.2903774425190736,0.37053572724265155,0.26693668481977989,0.30618788185141721,0.35534569674843136,0.37111714839263149,0.3487190697969646,0.26779353415617896,0.39129753168087139,0.31046478233901931,0.37734803095750602,0.26801901493025926,0.28098977357141447,0.3192986323091575,0.32534808955249861,0.34728744240701415,0.27196538018605676,0.42099611998159797,0.28010507839124921,0.39048625553160632,0.27859710855286646,0.33441113786039434,0.3671656596894956,0.31463704573543338,0.32754664681416068,0.26494516344679048,0.43898359862442121,0.29456396592010575,0.36752455752153479,0.26632988995892082,0.32129381318656047,0.37601826920998838,0.33330039932864669,0.32834069078188549,0.23716113234034589,0.43829718381181515,0.30997688725749917,0.380624464170147,0.25682084477108791,0.29059605187572968,0.31784533345886767,0.28796999232200093,0.34016831176452289,0.2592914962029893,0.44791985132717632,0.25908437075364821,0.41405367240095092,0.27167762646552246,0.34654722059479881,0.36124309163714713,0.28963679625030714,0.32792439168566262,0.24748986757897259,0.4524731508675458,0.27735129399933139,0.40201879716314121,0.2625238655802829,0.32347289977922689,0.37087845755063614,0.30179505621520375,0.32740621088505134,0.22193195732570858,0.46068858986828382,0.28814147487103731,0.41277462859345315,0.25032805861455909,0.29430216674535287
3687294985,0.42575467936298561,0.20088663513221211,0.18961783824892975,0.24663252896438906,0.6516571873197754,0.22688317256072238,0.18693262822418924,0.17427638675397294,0.37436056882316177,0.46180178659933574,0.20420813502167781,0.18641133130775733,0.23515100963845847,0.63956556483346494,0.21830149848535185,0.1874929514856904,0.17657234709264327,0.36326559002412079,0.41214657913068575,0.253633674541483,0.25213202052406708,0.28161966322360532,0.56587837229818116,0.23814812205008076,0.24544321552168591,0.24573003811460739,0.35407126748849399,0.41513891162992023,0.16515114914874643,0.1834237223612083,0.19402987814982425,0.69389349914659537,0.16506795696286575,0.20045059086028538,0.16042073856929831,0.39299113989640017,0.45014774315611261,0.17378650899153331,0.18137278197806336,0.19809695868839822,0.67591661663620106,0.17158597983147725,0.20984648031457306,0.16745018738842463,0.36965742712220245,0.41788156732451931,0.21501959147744903,0.23919925538518846,0.22818815826825659,0.62893044174133472,0.19112896602854068,0.28300606594977207,0.20909353291067528,0.33757829277577228,0.2932465655800473,0.22498604954884785,0.39766679792447673,0.20026915340378471,0.51462889473241547,0.17363593834827712,0.43007045958411455,0.25131502601894706,0.34932636705074577,0.31053760687518767,0.25618702572908358,0.36607857281597594,0.20822976655965658,0.51759662022213948,0.1923367630451876,0.42613333781747526,0.25915433402396199,0.32697268526182061,0.25815589033308045,0.28757581269029431,0.43546264822962572,0.21204818853414215,0.39761825497537368,0.20566568193123461,0.51985209488341599,0.28406524239357528,0.2544122542881479
3687299229,0.31595683230420807,0.2565016201015628,0.4079411690958672,0.26428098505340875,0.36581589889192867,0.41969445026018559,0.275727455816416,0.33420631718597249,0.31691252148193028,0.33229894427950257,0.24180265321281075,0.41617070400714068,0.27478384376367665,0.36279820516332933,0.3759966776689142,0.29224427118493229,0.34704507808887186,0.3218099030080675,0.34929042182725678,0.24296145061605617,0.41403143085849292,0.27335128493908034,0.34850761215236836,0.37536054956614501,0.3024349173162722,0.34816977767267293,0.31269920595716594,0.34446856804976839,0.29158161247999492,0.27583593069459816,0.31181763901738785,0.38702141681099456,0.36398595607957918,0.32488198156573761,0.34636185039757983,0.33944022809158647,0.3572388996635053,0.27974304755264651,0.28476521918492254,0.31279097629137997,0.38907191154090492,0.34242723972426298,0.3365653633041672,0.35139930101118461,0.33136638035238902,0.37307409368505984,0.28324966450711059,0.27604356829836285,0.29975938405399671,0.38665079260425672,0.34692406846421925,0.34574709314949564,0.34603311967761075,0.32464515623823254,0.34700135896714573,0.30229771469836303,0.3108761989588909,0.31164938260869646,0.39519009923655285,0.32855491199179793,0.33199452704002635,0.32504657767223061,0.33828626500623726,0.36425177302969575,0.29413860565821293,0.31411856731617449,0.29722906021713824,0.40719316818179946,0.32102288566945197,0.33280395490359022,0.31807331481289314,0.33614944110146228,0.37885830578625285,0.29840338074438105,0.31352508668983226,0.28025190621503426,0.40640274644618041,0.32465683258386796,0.34644382828027143,0.30415697913779605,0.32784544078717825
3688093680,0.39257511639351361,0.34819987449714906,0.2598831308981096,0.25099391399831178,0.46386666125280668,0.34906126886446309,0.29197893703198741,0.24715280002997408,0.33279449774483227,0.39851017006928413,0.33072242157014492,0.25741414145243957,0.26879433192148849,0.46413205072840169,0.33365517355271135,0.28271604773133918,0.26687153381268564,0.33971572097160713,0.39057016810259043,0.30694278497006705,0.26310888361189988,0.28541375296650745,0.47752669090099603,0.30448382363895077,0.27409243453206134,0.28312365114019755,0.35570488585591387,0.37977597805521562,0.25249192697644324,0.20639626200568503,0.19382249631805087,0.61637885245748503,0.26325606419954323,0.2323829103343335,0.19628747531212101,0.41242479767758944,0.41348234323832805,0.27040958095037215,0.22221695883767403,0.21348270317433046,0.57150967145104603,0.28088716207331055,0.25649317888060008,0.22391637780473339,0.37350711330510344,0.40587977073399628,0.28332601337106389,0.23886271852580906,0.23858364851332614,0.53782760487362091,0.28975138155731878,0.27262746199973992,0.2515889150087306,0.36079538035324871,0.34102141912035872,0.12711873996508025,0.1435789480226306,0.13338531094738612,0.72940577836113207,0.16016396225346313,0.16433981632196212,0.12915455724366307,0.47724720121033276,0.41278725364737151,0.14208230839843844,0.15187451250947132,0.14603021706265956,0.71062162642468951,0.17243780700427158,0.17729216590737373,0.13982998275619668,0.42346872862097568,0.41906523272574425,0.18152022196859496,0.19785893813145536,0.18973176438809194,0.65062221845454993,0.2227858390556334,0.22743414963281069,0.18278747861947636,0.39775377057668532
3688095294,0.31601838065103277,0.29447315930116824,0.37521559007169486,0.32952483636254176,0.39680330175190298,0.2844376718654415,0.34113908602480048,0.31567770390437194,0.33114744820952408,0.3259855641286547,0.29460162819326297,0.38324943596733768,0.31417691462031283,0.38610452815853641,0.28321010689900422,0.35196558455805055,0.31770060932198846,0.327502508075659,0.33915330110354597,0.30623476933164723,0.37104308098116306,0.307065351166111,0.38512357088292815,0.28921240733993131,0.34960067689977176,0.31415700049210959,0.32611954862418119,0.3493663592541954,0.27584874851400115,0.33155252986673106,0.31286605833503928,0.4381909984598491,0.29006915058118604,0.31853576257176536,0.30213951534280709,0.35374224248571956,0.35922085481788929,0.29120635574859832,0.33631589280540292,0.2958230659434905,0.42332962893558096,0.30241165052312985,0.33176133804565916,0.29852818968303702,0.34013837478567893,0.37701230365395588,0.29338402863271235,0.32040598535109233,0.29372505513816588,0.43171263036699459,0.30076854086199428,0.32539525199974639,0.28972121802996181,0.34087411164039927,0.35761713086312963,0.27472897826760001,0.30374718363264558,0.30287930950704295,0.4508130485432047,0.30289474711891112,0.3127620784809837,0.29690686198099053,0.36288331890508768,0.37827182595730152,0.29830586547074395,0.30471369523240832,0.28277230419876576,0.4350302659433754,0.32300868140102856,0.32522737019795528,0.28684288835598198,0.33686167288997471,0.38983060303048706,0.29215001394108969,0.29629631855406363,0.28863436551223187,0.43893029523334837,0.31933535328625956,0.32184405120594894,0.2793300131046994,0.33961071125416148
3688100320,0.31331698743243047,0.34050144431089369,0.32557693101457363,0.36708315412734133,0.33030613352146154,0.3605552210551754,0.28762032287686501,0.34090418131009026,0.32725757399291522,0.35420819130788173,0.36107774534958592,0.31486009457027386,0.30918227953220256,0.35174984292859335,0.39453164925216072,0.2962766612314936,0.28774141352323951,0.31538974587569585,0.35099429441157481,0.41200876924547569,0.30301751700845386,0.27006364212231948,0.31496416361116791,0.45965039262225149,0.30200941662701913,0.26947281793744948,0.26075196480107998,0.36003613309486249,0.22969313367113497,0.20655929811223903,0.31077109858605401,0.52644536228927774,0.27797466440784985,0.22919478682371894,0.24614402697075763,0.45917082762159334,0.41389387215345291,0.2208185989636737,0.19066940191637788,0.26009028089192976,0.56598286080401761,0.28351504608982836,0.21117460622725298,0.2033873737917907,0.43502954380268849,0.43986196193196414,0.25606220069137153,0.2039131139784329,0.2580202124130222,0.5459102632600622,0.32486241912887859,0.22664286346489648,0.21504901444809063,0.36281114967039857,0.34607843074007011,0.2249538674906357,0.26309385712487687,0.23861701521310066,0.54666236810805124,0.24095290189314961,0.30992346319055303,0.21691838798022586,0.45107074786301937,0.38452086489649751,0.21538894501657069,0.24799763409893177,0.21820954525868613,0.57539642791669177,0.23671399189376963,0.29490494331510586,0.19991384667870152,0.42729852150420339,0.39871590614259578,0.22872274878992654,0.26817965367056207,0.22716659142844176,0.56762549382904737,0.24641052354978474,0.30858779938503256,0.21739177147532665,0.37387707865099035
3688101398,0.28905797316195669,0.20941723038613169,0.41303232164396847,0.27143783483609929,0.46830745705227256,0.22873834879715541,0.26494400236804633,0.36877427918703487,0.38793400233019437,0.30646573134114241,0.21297159862075665,0.40099917632971788,0.27519532972273358,0.45752808723652649,0.20641622918774116,0.26706784223962149,0.37383763970590672,0.40145933589978311,0.31653630194652327,0.21884612349987576,0.40076455189039373,0.28419145460845757,0.4091399318506645,0.21674822948340031,0.27910326952163445,0.39633378239522421,0.40147195796966317,0.31171361033607392,0.29308591890599256,0.33332171712996722,0.31588140804148468,0.37269719745686947,0.30603727830401345,0.33186882336526935,0.37047127100952376,0.35510974566399328,0.3139581758468486,0.29447467060156546,0.33215700388744057,0.3157771395858085,0.37021723756901859,0.30161623595177345,0.33660583896536189,0.37632504902686631,0.34887569794272238,0.31024763844745268,0.28583514674899752,0.33658561550702465,0.32350087123221377,0.36005033390261432,0.29407475207060951,0.33843744709124196,0.38922809178887563,0.34920961216662044,0.30079932615381311,0.32362040177895318,0.37640128533446632,0.31762793964988029,0.32996969605718623,0.29963109270623461,0.38473112553448202,0.34241855800880755,0.313523294300453,0.30976738767866907,0.32252521241495946,0.36835464230857079,0.31948416501681848,0.32898356799197137,0.30699894948018552,0.37653783121008894,0.34550595708101356,0.31405846786918834,0.30463267985064196,0.32439837413375827,0.36777101005950547,0.33086176372082066,0.31320505994314735,0.30787421180734947,0.37016370680097965,0.35458899449281611,0.31874931740805246
3688101934,0.28170407646739037,0.26062289229593194,0.40716468144361301,0.26368972167195776,0.42700777062850565,0.28943196393576037,0.35573701494405835,0.33251003108387484,0.33791257174289768,0.30644248040695427,0.26544211222718167,0.39408484082060663,0.25779233424991016,0.41865096831988124,0.30554928167764578,0.33655454032933468,0.33428961950748437,0.34673652095875784,0.30957358767754833,0.2818725261768858,0.38897844028992268,0.27280032045700231,0.37194047779776213,0.31905008018959546,0.34773984731988955,0.35344438605803674,0.33616841434810202,0.3048873347630594,0.27695582721386769,0.26615252956749758,0.30773647855324238,0.4157072391539039,0.29163089545244653,0.36295124778635862,0.36474450714258644,0.37705040005633977,0.31783435868256815,0.28747067628010986,0.27940426269254554,0.2985717594349746,0.40496587279653673,0.29787392371049243,0.36312831027427245,0.35817367500232022,0.36912503670342223,0.33193820562500898,0.29918478053862302,0.28761549877932752,0.29899551209904279,0.38039381784186488,0.30805896429571833,0.36456126594898558,0.35978277091492933,0.35529726481783486,0.30555588100281306,0.28319945169559818,0.32685272059759424,0.33733958611374759,0.39108996330178614,0.26972918338589957,0.35448858047903709,0.35572640051894611,0.3576231866013902,0.30592227753427698,0.2843353001131726,0.3381500700496381,0.33574383811695635,0.37891365358250451,0.26640579206550952,0.35988708411427783,0.35804445058889978,0.35529345831755471,0.31858654311767698,0.28784475318630259,0.34691251081512808,0.3275444397670626,0.37115094350918021,0.26950507427067211,0.36233841813156897,0.35279037603498109,0.34911052348404942
3688135078,0.24488912891363021,0.30900238769788324,0.35045261286743434,0.47332907186712508,0.39751553695285063,0.23937084233088002,0.23662722482562415,0.35028497824982047,0.32199432998165362,0.24796214821675289,0.2493363992398421,0.30955803135646004,0.50416974593448172,0.38190766912264923,0.22202748265478012,0.21637930122227642,0.40183422518481404,0.35056010072680854,0.23223724135979718,0.24515154725447003,0.33670244213062117,0.50944149708065112,0.32242788757321023,0.21969834990879858,0.24113236352760334,0.42697261279608301,0.34697240210702424,0.26504244361141954,0.32199641843454729,0.25932146537874617,0.4068485452664965,0.39994968840338968,0.26101806717276549,0.30929556460585661,0.29662257463762615,0.42609688167590987,0.28097240720894651,0.29092320301566332,0.24978999415493786,0.419329427728376,0.40112371175217731,0.25303253032044631,0.2900881050348913,0.32223512925110814,0.43043430734024346,0.27682876134530526,0.30044164395373318,0.26157481295818602,0.42303823186086703,0.37349822305447189,0.25966953259142173,0.31617927918164757,0.35374090379408202,0.39202903183350452,0.27201930037230804,0.29389400239087055,0.25904590119980786,0.3740857279830247,0.41748308787933802,0.24307383113572223,0.34696628032413296,0.30130170799492345,0.43363759093947968,0.29853718219982273,0.28718133979537414,0.25407320911111841,0.36687163134042877,0.42341761838600189,0.24650829256874507,0.33544815627337149,0.29649139317593404,0.43448014898173121,0.29297735193187702,0.30108417046141739,0.26922485317989997,0.37544703473870056,0.40346510270225094,0.25246361723978195,0.34539245893625448,0.32455802758551877,0.39864050837319287
3732072735,0.2215335141462571,0.13538986192172336,0.36522599965959451,0.2987568720858238,0.57225507615529936,0.19331295160982956,0.22747929206215675,0.31564552277461783,0.44013868150071045,0.21426563181750524,0.13157358945054459,0.37060941842687112,0.2756306809670438,0.59264904760102466,0.20578439098288531,0.24808358266159189,0.31776502326570966,0.40909020737945467,0.22323807127023845,0.15545766133929342,0.39822368046765594,0.28166983069499013,0.53741249686718562,0.24075002578172486,0.28201836164457461,0.32972547502720345,0.39121814258199644,0.27322738467449215,0.17425288084052806,0.19784193458906701,0.29376120209576567,0.56853433312532198,0.24689136753841504,0.27670113068105789,0.33327354591036684,0.44466189606318451,0.26810111299583617,0.16090939139580743,0.18766767371336643,0.27733849972402896,0.55778342958771887,0.24255363152884099,0.29510025443560745,0.35063446027861528,0.45837846170122776,0.2774852892248158,0.19398170972477602,0.22078896931146036,0.29157568004210194,0.49239328512085878,0.28152015879872372,0.33268227417152563,0.36510683198029165,0.43118856303837449,0.29303782074452439,0.23655021019943995,0.27793876094152847,0.3377184638552348,0.50783058396935576,0.27864714002786789,0.28328034745405545,0.30540337158218089,0.39725804262331793,0.31689430864804863,0.23134426237074254,0.27337455467138488,0.34106055907378019,0.47933833943548676,0.28262841458002119,0.27840738936350801,0.30392482718968628,0.41889947987116932,0.32723565178132435,0.26327757302348087,0.29441533370550754,0.34472320401180973,0.41980845829064789,0.31127906440410885,0.29853890377104142,0.31926765320735495,0.39229593754980457
3732075215,0.36729481691289989,0.18332115533228105,0.19309047159578463,0.27271977538402381,0.61921436426812659,0.22687211092369775,0.12191692296223448,0.1709492744296757,0.49075765222740364,0.40395355322117832,0.18462391696673883,0.18942151469574489,0.23501240066873783,0.64488111525060732,0.229178210839033,0.12514207472172734,0.14792676680849642,0.45352729380170681,0.42707339420251089,0.23893753519178942,0.21339123645853975,0.22401855741722412,0.61710329663759278,0.27405054694498776,0.15100199495269229,0.16757896862809993,0.39748273249899901,0.37810465175235608,0.13827144177389233,0.11874336559753551,0.23475507608753213,0.68164616365987196,0.16510265780370059,0.1039929228869291,0.11269328364807743,0.50328247387637315,0.41303769212779728,0.14076649401917382,0.11566341453037057,0.21079260056573004,0.69359601100988788,0.16735555649835424,0.10853827499245478,0.10901437763927799,0.4680011713017645,0.44708008922987375,0.18596225517523413,0.14173682877880997,0.19791942265433934,0.67650439356558012,0.20085929668005109,0.14348709674804527,0.12580636654758462,0.41455705299932422,0.35610745051032472,0.11673483257011101,0.10123049879240964,0.18505277951954222,0.71772809524239789,0.14143582122084647,0.10865265613604709,0.098031022647041888,0.50844381450765097,0.39309230221724978,0.1261578181655475,0.10389283193747373,0.17621428037833933,0.7125164308864288,0.1532271709878146,0.11850748673582388,0.10750542910786538,0.48058065605948408,0.43351976857654229,0.16640675952902653,0.12934681848552643,0.17638722708412335,0.68330151508404402,0.18671344881527221,0.15071008484426607,0.12627145891847316,0.44283794923912334
3732092259,0.29774993821124301,0.25789623283300156,0.35807304805083845,0.26280626393855988,0.48638840807325323,0.24188940029556724,0.36796468607340926,0.276232758852889,0.37518574539546434,0.31513538115224315,0.24693142899316786,0.32506243325980799,0.28178594762329817,0.50430417627609037,0.23262913645031028,0.33672902924353387,0.29687307616628683,0.38037686931977188,0.31661240675374114,0.26160593827330852,0.36029321170642231,0.28478812145270566,0.46182328145318252,0.23139943185228229,0.38797966738769596,0.30127713643238418,0.33508335899840802,0.34352127748957867,0.16216503900027607,0.19858588317731482,0.1947144771550626,0.67698373398010203,0.17901875716615878,0.19105790154381458,0.15945790536834631,0.47545862390312804,0.35171608151950695,0.16515380207414512,0.20095116536258018,0.19018937500657448,0.68003277614245639,0.18173788458371928,0.19838462964536679,0.16169650644956876,0.4598817028033651,0.37403276323433182,0.18424195340493574,0.20548240172007357,0.20850889127391656,0.65840686212444266,0.19407207486142067,0.21451807939251252,0.18022521105868283,0.43679824527543615,0.34223345036396718,0.17873694350795,0.28311498215399605,0.18354075475451351,0.63536800881399158,0.18291801208712252,0.27657944833161807,0.17550306732705592,0.4389066347458353,0.34532891248243053,0.18454771948292978,0.30039505503272751,0.18830085650516976,0.62811021001421752,0.18343378779727545,0.29169928638228493,0.18386839882617043,0.41704821691097388,0.35587932630866331,0.18648117602828676,0.29366444095131833,0.19058526777628459,0.6266960026243138,0.18012377075964986,0.28901609253240074,0.18742287489355058,0.41492532738006704
3732119603,0.42961589490746022,0.30993469532338858,0.22466121366354591,0.25169492357866002,0.50885284668204378,0.3396473157417581,0.21998564125832967,0.18177661062451275,0.38706552881725992,0.42923758732605805,0.28514948836440196,0.22047576551282758,0.24387359885761173,0.55144591250987574,0.29733857706735661,0.20214677591851879,0.17569341007226369,0.40264951958586642,0.46284986780014992,0.32343340236216428,0.20926837896174164,0.22562122221770536,0.51988918025924769,0.3377838471378401,0.2276197926438186,0.1725915638486889,0.34710419921997182,0.42210391616254728,0.26879472067169047,0.18143426253159287,0.2381363395818667,0.53895893337951573,0.32142590474249133,0.23260469782249266,0.18769367355526978,0.42050583359478572,0.41443528524011053,0.25231057964037573,0.17534116656166301,0.21952325849460663,0.57665452019111929,0.28802450157893317,0.21725594593632663,0.18359424192781154,0.4350312896528733,0.4426070092682538,0.28853892219710309,0.18833612837013752,0.21114213753558184,0.54435016499866717,0.33293548658488398,0.24721629192551869,0.18453638078626133,0.37210227135980661,0.37311441095448972,0.23576547270071285,0.2264727455139503,0.22957564941055805,0.5755748934085736,0.2456153091278207,0.2373778318164351,0.20635090470588446,0.45898051027871384,0.36327014849852107,0.2340529992350377,0.21441940750474842,0.22510713621257158,0.5767241438721622,0.24687002316335141,0.23248237874255387,0.21726880569587928,0.47095194097069315,0.37714001928975877,0.26349509184298131,0.24395203477631131,0.23724199885618588,0.52608760407999478,0.30203742480801271,0.28207207785547139,0.23192559161199028,0.41375167637193216
3732129443,0.3165241510471471,0.30363197092932498,0.38919363114712957,0.31070113500393259,0.40301834053331709,0.31638208655664757,0.32651355631194889,0.29765745276252081,0.31918753909053044,0.32667820896571126,0.30120121611512102,0.36897033683001051,0.31308757197437026,0.4204917118392375,0.32217992490848141,0.31455507373165437,0.28924147832636693,0.32431076456209013,0.30623609516699912,0.31556596113401608,0.37891408236391555,0.31994416723282737,0.40312301112918431,0.33013778848500652,0.3274446602457573,0.30125786445645703,0.30202970399448276,0.34651302816047858,0.31996835582532651,0.33448054121037885,0.33261911743445577,0.43001471088202786,0.31249586031191617,0.27959389700618004,0.28158276655489844,0.3391287229345698,0.34584300866013634,0.31366972133827814,0.31952464224588656,0.3325044277385622,0.43911897113402287,0.32075180522716318,0.28228755711839576,0.28101058989964689,0.33909919524644239,0.32629717093099236,0.32017783375143549,0.32853217785362127,0.3385196848917546,0.43016014976681033,0.3313796783634872,0.29534705667654765,0.29048225134468647,0.31941699621959524,0.34189631926937059,0.30453808805478716,0.31114630441745778,0.32481705640947323,0.41004129835796554,0.30112782255241821,0.37434869698531564,0.28162861978224468,0.33133337982795114,0.34067173586990862,0.30513959489091991,0.30681511976383913,0.32526574414964154,0.41215768505281858,0.30592928632373118,0.36823393919121472,0.28348732985008263,0.33387308540859223,0.32986141864245427,0.30849217942236762,0.31117738744837697,0.32985542589731243,0.40471083073188602,0.31610865775752045,0.37224501868789817,0.29340478018031396,0.31940529157773806
3732875654,0.37505100109547507,0.21026974971370851,0.23270521370447411,0.24966760325673279,0.6389572536722653,0.17292062460493487,0.18120033288283982,0.16945754505197103,0.44600491900004746,0.42811540141723664,0.22196535229083308,0.21829163830021844,0.26923333804227167,0.61486721906052255,0.17866759428003165,0.16645301359106329,0.18240408030824964,0.41993936435419055,0.45695892689351769,0.23977893180324336,0.24463260862793046,0.26669809270979866,0.5956251842269582,0.20927041015081804,0.19682694798764749,0.18738075096976656,0.36097885226719589,0.40958145361937148,0.17300469527404538,0.14016040809671282,0.17224291078975609,0.69490477147429175,0.17195077624386451,0.16221167080928908,0.13489828235080409,0.44275268569347354,0.47278314863841187,0.16847400833613072,0.14225955270391014,0.17051278350065543,0.68379582060964383,0.18063204470561942,0.17500643027945348,0.14835584754754949,0.38201940285912256,0.51544983474910611,0.18506816943571142,0.15103586650244502,0.16724741145907487,0.66671799966078671,0.21183828248251468,0.19055342860899666,0.15112727836434003,0.31739451224582138,0.3924773073898335,0.24125988356954994,0.21661391740252064,0.1773884035498649,0.6088010164607961,0.22833971183542801,0.29345216009640052,0.20533564661868092,0.39788487152294899,0.42745249627753101,0.20498807418471457,0.2367721404884508,0.18147041383168616,0.60444921512705141,0.22856712931753992,0.29759960430939408,0.22752791779744067,0.35823931622837957,0.4500528873440533,0.24624242716713399,0.24402647669154182,0.17695386337828509,0.56671094551206147,0.28062873623650297,0.32154434685440264,0.2255547435864059,0.30294546692062713
3732888152,0.29491541597763377,0.24475442501998296,0.33355128957300761,0.43487036426877601,0.40158914461394396,0.22411228602847921,0.26979045082511866,0.34120630719013806,0.38992648252630951,0.30333802952501837,0.26162294065054748,0.32015538378888309,0.43262131283163224,0.39518040928083698,0.23717064728665266,0.27342964746008241,0.34046223013221666,0.38312271455994601,0.3110688476316632,0.29093753673083955,0.3468439326754939,0.3973705813232179,0.36119771908470838,0.25916490374249718,0.32387563693012106,0.33278475045488454,0.35653338211431074,0.27586762361645101,0.23710272607321844,0.30942308731916279,0.3633505081113646,0.46146042522959924,0.22178238901476258,0.30974061289855637,0.32641627427129033,0.41868020186773286,0.2835805366186504,0.24042463624226434,0.29640968014718738,0.37833834660738336,0.44537666223295813,0.22803317621621408,0.30095150001258741,0.3433429215521861,0.41468516672749134,0.28787446113030624,0.2791127409756719,0.33191893941960737,0.36512047327280356,0.3841230581067776,0.25194007676837443,0.35525304077664571,0.34286722026916061,0.37543872249470628,0.25152830255885295,0.26449620272844565,0.31388203921757635,0.28744202808980079,0.46487884644691807,0.24433903250551189,0.38132332103705535,0.3150415380859487,0.40639616756613872,0.26646259092659058,0.25805811265788847,0.29110305364817385,0.29783555174852416,0.46356876878794007,0.24817694913695645,0.35280692116463502,0.32290473573983264,0.42863583566179203,0.270596333899145,0.30164282623000266,0.32470976559889364,0.29983369637647367,0.39599597388542246,0.27769836122166336,0.40010607553728966,0.31475239928526533,0.38388721642510892
3732902264,0.30603824335421237,0.24946460839145498,0.45199597234374933,0.24528849026580551,0.53401075292425393,0.19377219841336282,0.2640830679577042,0.19731039224270411,0.38503864928933368,0.30070383692594849,0.2604157335790242,0.42780983891348706,0.26478519268284423,0.50092585188943162,0.2076099639288424,0.28842293630288918,0.22813582648883263,0.39920671873402153,0.3264484694466786,0.24857574454995265,0.35263839681831594,0.27063728907976292,0.52760386874403886,0.20803902508625605,0.26974164314669374,0.21977340279393259,0.43741982552130815,0.2599873559684599,0.3372819055567558,0.51180861663249622,0.21532384632713691,0.42353025914368669,0.22754354368318599,0.36992853953773058,0.22382835519835162,0.30370190214666093,0.26466456534681626,0.35637504906063366,0.50418995515821374,0.21744478537172884,0.39257323960652679,0.22502629317246026,0.38034879133620458,0.23682737930709005,0.30976882951575196,0.28685005914452161,0.34065907252563205,0.45853066399090497,0.21919910922754443,0.4175103222743306,0.22347980832722339,0.37332005488682052,0.24402566133033382,0.34669196064976304,0.18439824397619492,0.43303973200263801,0.50346230558100258,0.20662359549178555,0.2756259904638142,0.26186713767332132,0.46649374991188525,0.28098334236621353,0.20296330632414705,0.20888506007925683,0.43024413799894984,0.5253923841177659,0.21231038126601734,0.2651456577038187,0.24164386913816516,0.43724062677067888,0.28651667575147255,0.219497102477896,0.20980532574419672,0.42822543058800094,0.54650003432766203,0.20369476640438225,0.23150270738844544,0.23165495340217518,0.4380936289845187,0.29420594341874234,0.21612530346725786
3732906892,0.38032851164648496,0.22756335680793552,0.42558566400739462,0.24215812442357729,0.5426409712406326,0.20581472052837782,0.26953180678110411,0.20581374792243115,0.33462782712489048,0.36658725369326728,0.24257316685724201,0.40625082155451936,0.2540953985824333,0.53511377478597089,0.21082505188108905,0.27002070481550522,0.21480817736384394,0.35681945119114206,0.37618163705155078,0.24767690993632629,0.33938575325993253,0.26888496502947412,0.5434869979243494,0.22601468284835347,0.25162747541144354,0.21402539568055476,0.39252728538740334,0.30620338161738991,0.27019941293484628,0.52064416030949967,0.21602186354654607,0.45198794646265644,0.20905201315140573,0.33162178692593858,0.25295493227084964,0.30584457525284525,0.2985575098941351,0.27486643675903416,0.52025753972807387,0.23084350501850048,0.42145475642525071,0.20825670116604991,0.33048504391904487,0.27658526198368755,0.32348178355335411,0.3228811782791442,0.28189530852587658,0.44365787066716278,0.25568323076923338,0.44423135129220459,0.22370300373516872,0.31538625832270079,0.2768678263440979,0.36134156163005926,0.24076089662334671,0.32383418535656833,0.4998525982926047,0.2279540438134654,0.35594513116480386,0.25269555778864894,0.38968632123185426,0.35587226887299894,0.25748288773644395,0.2413887549846804,0.32705150959258533,0.5163856467956387,0.24218564704591472,0.30627382733360964,0.24436512484759582,0.38317210321445777,0.36867314781398897,0.27055869140306482,0.25123945929270547,0.34322202335505086,0.47710425081898628,0.26480073078500582,0.29836450922127356,0.25939756146280279,0.37959894566862873,0.3714100529754169,0.28806282932245592
3732909164,0.355983822553186,0.22371212807651486,0.2431969182167856,0.34847474238793297,0.56731888990498303,0.23572896281297601,0.14774023895670124,0.17267097637817536,0.46215545827671761,0.37037042128908471,0.23605756155116531,0.23753551275706838,0.3422489083134162,0.58752287468085918,0.27743905236747884,0.15680590959213164,0.17529495022596694,0.39506092835628226,0.38194928731932487,0.26048811998171811,0.25189670610544068,0.33777534224589573,0.52702555582502353,0.30025994183986238,0.18390710552454692,0.20982877583167112,0.4036763532169711,0.358967913270549,0.18701479211576391,0.17095812944609484,0.29764714957534322,0.61229136538612383,0.23892886286653528,0.14486901530425278,0.16903321032295965,0.48662099666867592,0.35750992321221842,0.19863892977391323,0.18290466549379997,0.31370725611076317,0.61526321435093645,0.27693360774159603,0.15989217407040379,0.17804414144337619,0.43400065897722928,0.38207199250578133,0.22245939183155189,0.20352383702079824,0.31151006230112993,0.5586806583644498,0.29666024361697713,0.18408799635173409,0.20427220031927268,0.43626300068630353,0.35814830795059666,0.16080789428532891,0.1515026181635924,0.25577857851540065,0.64285611990213853,0.22405767196553469,0.1527934245792385,0.18433164576510372,0.48652342781702335,0.35043426389418297,0.18037829805714795,0.16845912533432042,0.28167572243104239,0.63233298246804537,0.25935576981631864,0.17363084332491854,0.20058379956211372,0.44659582901696687,0.3913658589487366,0.20346392928074419,0.1834533153541838,0.27572194812380918,0.58820316106524795,0.27485688488178184,0.18998026924348135,0.20673965058119692,0.44203438965999675
3732911332,0.37010738402218585,0.17548971301412039,0.26753998959600894,0.38845578121083668,0.54589886686470757,0.17526015903087838,0.15335928673746702,0.24923913839497241,0.44202646315007804,0.48394042379253016,0.19083567869405615,0.26638462628426884,0.33624323629868119,0.53217387674351879,0.18022268469113148,0.15095350546976494,0.21830036384386228,0.39903862676487106,0.45102434064764613,0.20368775217493787,0.2528187034194363,0.33110030042940508,0.59090990260031795,0.18637376582425799,0.14818395239123744,0.20652407763466651,0.36472349205825261,0.34554413396108297,0.16280321290421509,0.20905833494026352,0.40944612822631732,0.53405244167601007,0.18186242250271331,0.15336036346759535,0.26523359177836053,0.48019643091187819,0.43943134480026691,0.17294286049542987,0.20085875374621295,0.35381237136601063,0.54802858530037146,0.18753914107453076,0.1517476744694837,0.23943684091073811,0.44226663974320607,0.42824327690362612,0.17199339254625537,0.19841153505046996,0.35603792475385937,0.57678117635548432,0.20275657917141701,0.15506366340414349,0.22979109477761039,0.4126261694378856,0.35697001252484728,0.16661433671388085,0.1942822829874207,0.37243330410801539,0.56208884555870953,0.18995832266427778,0.16566717978324419,0.25800995044540165,0.47150513692424517,0.44193933263452057,0.15974093291600461,0.17136871345908289,0.31250575177609852,0.58626834038113629,0.18893817365502144,0.15237290867195019,0.22676104088906443,0.44508322595999855,0.41689699860610357,0.15577656690627889,0.17522571998164277,0.31284131229534395,0.60265125683239851,0.21776575886296612,0.16179082914682777,0.22928050576075856,0.42895279471017489
3732915768,0.30574280092217876,0.23513545670508079,0.25371537247261849,0.43925406893714408,0.46927446004550666,0.23399151994938097,0.18005293175511275,0.25879027230000895,0.46856695789462416,0.3257869135540355,0.24889361850794411,0.26949063298500314,0.42389363390590284,0.4509166631188315,0.24661500857097643,0.19180165518519923,0.27086429040381399,0.4531044917748675,0.31941798176409775,0.25032753307089228,0.27728284674785258,0.4302820331398598,0.43717079010097565,0.24686921055690456,0.19801305311029818,0.28139138287216597,0.45036304147135403,0.28548359086856456,0.22742895457736328,0.24801450028555691,0.45275708240630413,0.43391077788487054,0.24610201415934677,0.20929969644841623,0.30375974802579719,0.46406237903388342,0.3102955705667354,0.23586801269935137,0.2567279524602829,0.43379232379257343,0.41912019430804409,0.26004658490052368,0.21790847805837044,0.30622947626412367,0.45765853970900178,0.30945363113169305,0.23937207151712747,0.25890645701147957,0.43381835737524549,0.40805026988351789,0.26385070105381681,0.22279643560273471,0.31458107744790836,0.45495802362514987,0.26915161997649051,0.20714696849730416,0.28115543266505322,0.44962676307796146,0.42575942350992318,0.22891099904625842,0.22744983003394215,0.34383233117360268,0.44700054544813272,0.28619376379296491,0.19732044032014223,0.2798294785554345,0.43496959619260966,0.42936005407378564,0.22142469274762,0.21980648989706658,0.33619421697787344,0.4657620353385582,0.28402438257248763,0.19833018171954533,0.27456715323075115,0.43480729451776773,0.42584619146924474,0.22173679199615617,0.21927027768171228,0.33709186970004057,0.47257613228761353
3732922440,0.38479816210925416,0.36039558091411272,0.27891145598260042,0.27301627844067905,0.41286804397144822,0.41456678087201615,0.30133899340400966,0.21899898697454254,0.29769866232078473,0.3467563955942865,0.35458737978005994,0.28741251452955752,0.31235272509148887,0.36167396707509403,0.46653846042980462,0.26358906465950477,0.24974182099840234,0.30584507562294044,0.35121980203972036,0.37479676798011163,0.29056718762167488,0.29376065750752128,0.34764452852940908,0.47204121704154817,0.27743866377098675,0.25137456564121569,0.28566828370202163,0.34309427801803682,0.29413852741877561,0.28869997838162004,0.35066329639746596,0.42326631777935708,0.32373040106798906,0.28872908760164079,0.2954957580194002,0.36717627383739909,0.27271009558182074,0.23094501319788549,0.33043641912653804,0.41521931925984368,0.38386903999151051,0.27217003545499635,0.26711065059582079,0.37297177760463524,0.39851004624654301,0.29232889101833154,0.2580684466059629,0.33876888464120031,0.38200608386586127,0.37924180453834172,0.29862955707228722,0.29257286769308016,0.36276236979808435,0.3702054692446442,0.30106897727325055,0.25811631326994366,0.26188353646884088,0.40481718843848924,0.42967016201307018,0.27300721837794134,0.23543488704659427,0.32378698315378224,0.43687123837542835,0.25574697728399032,0.20554759548313362,0.30894681703876886,0.43616369715932651,0.40369431357382635,0.21980285826890605,0.23882107448307643,0.37892046121722173,0.44131408175452785,0.27646028567936182,0.23721022946859405,0.33109530312668722,0.40364153043253659,0.3907627961265745,0.25422468404335913,0.27706188739028209,0.37947802169833955,0.39580019173800451
3732923754,0.27194804590503957,0.089633867075444601,0.28316063794183449,0.29371027503509606,0.63569352209242147,0.13307950048870468,0.11769509149481562,0.27097049457687428,0.49241322532326359,0.33161397909267559,0.0796489019557068,0.25094931626057315,0.2498131439062477,0.65611829206994299,0.12289872641538413,0.10136296617423009,0.24008116033697546,0.49476995656609746,0.33579640177455949,0.10995703306195838,0.33710393211273304,0.28809699466912747,0.57032063348387363,0.13806491554847952,0.12888460440723074,0.35053902828805156,0.44124241238539569,0.28833784199281087,0.087433928623845095,0.10446039339500961,0.22294274637137884,0.71848701269904924,0.13263726698570732,0.088528843642274244,0.12516018573147838,0.53970591461460427,0.32606582930772871,0.073256764546735992,0.087981799118581824,0.1957125363592141,0.7267812807618006,0.11910066226964885,0.076500769917142594,0.10318886035260476,0.53232884883276299,0.36536240350197419,0.10703995465683469,0.12821496807614469,0.25172954489498089,0.67237961392169177,0.15088013591133109,0.1073154855382616,0.15708478166181986,0.5139985367314619,0.25465624665999614,0.10846136081358802,0.31270244985812667,0.2136403562950995,0.63788220428636555,0.12366902041682758,0.2912504973622117,0.24860419624074945,0.45950261544414001,0.28470120247270425,0.097362323681745633,0.28533679091327624,0.19469392695632934,0.65851928819056937,0.12131122658827054,0.24861265154173823,0.22996532750610238,0.47653605011021294,0.29298996180735803,0.13328975662226492,0.35131489119381926,0.23476802735300506,0.56772294294161707,0.14850303207934362,0.28974395757523919,0.3117768086844509,0.43855865401435873
3732925942,0.2694168098653742,0.2533618129391717,0.30113552475745253,0.36990734262935643,0.4515783159433121,0.21277191085095498,0.29893201720211943,0.26782105517568405,0.47478939389888447,0.2737975925136788,0.25581390369151485,0.29072490339460999,0.37948773014435899,0.44135573337379391,0.21695092252699363,0.2828432742238311,0.28753966384186597,0.47594141126516887,0.27132976086164484,0.27470568888262953,0.32172166719396744,0.3647040521621645,0.41189920583279127,0.22454470260394913,0.33256550912210942,0.30969553826983415,0.43337121892727531,0.26146196672936828,0.17099043381879026,0.1854019432501626,0.39553271826724612,0.51707355901827201,0.17530401158520703,0.16692157138110694,0.22798870748413438,0.57761721959718593,0.25782142307817912,0.17858759272010286,0.18667388157418222,0.4124126368491981,0.49911970531989536,0.18205855464443399,0.17472030555461596,0.25790200717219519,0.56337981214982846,0.25763066230661941,0.17539610253052543,0.18750422151388541,0.43769343990027471,0.48347574022251205,0.18074526630574164,0.17135232290295402,0.28196680301860871,0.5484931209729641,0.23548387596517256,0.21298118758666748,0.21109322969532471,0.39417729284612646,0.47884554117402306,0.22430965230408689,0.23209777018537572,0.27451528810452819,0.53890106280379646,0.24136446935482167,0.19511409703202637,0.19166685440777798,0.42232187790179782,0.47099772323900146,0.2127833828895887,0.19865543209325934,0.30603351724813171,0.53697820250244688,0.22464822600270054,0.17217387819131247,0.20258871711096632,0.47950552751546482,0.42981020307160844,0.18213376586770472,0.19339183734797843,0.35688058770971726,0.51599214364306012
3773755365,0.3189487080202586,0.18554593223591592,0.29492514006937354,0.19001798374117868,0.62639624613926759,0.26036817879737939,0.18615332045409771,0.19253021000153087,0.45702510159467091,0.34024661956075269,0.1796448693457709,0.30198021429980981,0.17860816898820661,0.62586557201418769,0.27315956850806988,0.1775273983283408,0.17902292576363779,0.44606944783561625,0.32752822926720238,0.16448504563794777,0.29949677720886192,0.18683367084352606,0.612776897778744,0.27741458646124634,0.16047881085498863,0.17030803953991908,0.48358257008388877,0.34251077262410984,0.24885057990428083,0.28913705679083607,0.2551163170137854,0.4981651459886331,0.33425453481381029,0.30024182908522928,0.26397925669865541,0.39032083935694895,0.36309533569973013,0.23539608896002678,0.264282802183751,0.2400970839349594,0.52983714180080599,0.3284559772554087,0.2821594457183994,0.24269779813817621,0.39765755375553224,0.34630926295803105,0.23414881423784062,0.27139582271421492,0.24724420094833052,0.53934326826609214,0.32260224027405066,0.28076764513727426,0.2446720778362656,0.39598050113441147,0.32365270777265359,0.27649579952952874,0.36146594795720249,0.26413770408113302,0.42464544632058215,0.31980797705434283,0.38275814235299044,0.28816551955058939,0.32592723445541194,0.33885051172000336,0.26448041423387142,0.33329184041047472,0.25771644589148041,0.46024479963682152,0.30963405141926237,0.36816102322892047,0.27850659444799525,0.34193891611680322,0.32636838868228002,0.26402881995547833,0.33539454983211475,0.25868750693183401,0.47930603752165507,0.29734001793724074,0.36955368788587611,0.28208839969430549,0.33177485138499363
3773757247,0.2714591220541554,0.23655668395137133,0.44855516656209937,0.25484149948266849,0.40582242326335527,0.36647360490612896,0.29305227699698083,0.3262967878750978,0.33594784892664531,0.29015834049489081,0.22276241289721743,0.43818126367667831,0.24618392882739001,0.41527749104030753,0.36000969502237795,0.29654320221301378,0.32350734935226777,0.34484551001195846,0.28478073714865115,0.20757247330444126,0.45285929361350036,0.23465305165875183,0.40977524294731432,0.33513297685712518,0.31041190395166179,0.33471098665707594,0.35644512304241494,0.32627581057293964,0.2468877837758488,0.26966544608855642,0.27702146678069756,0.44241220149899685,0.3502933715193649,0.3165896581357483,0.34399767811073262,0.38227312193859481,0.33256579847900786,0.23170133435900087,0.26993302718771961,0.2907911746099851,0.44701648823397161,0.32676022051217996,0.3172504066629831,0.35494287120274715,0.38087120503627192,0.33631641142883478,0.22776885593194315,0.26174278636294868,0.28722999607386945,0.45369409650113923,0.31444687233182528,0.32429009958945404,0.36125103056618502,0.37897322144588541,0.31878931904891494,0.27130665831098022,0.42352854892119568,0.26472016069065163,0.42389188444931658,0.27938826623737584,0.34390011627932165,0.290774447329672,0.33875308180931685,0.32767866262269829,0.25707714531600978,0.40720867385587445,0.28387128787998689,0.43563821945419562,0.25455808890427972,0.33724021665826714,0.30552387242103207,0.34420912974325052,0.3325822915138899,0.25122905791060562,0.41744378020773665,0.27806861293224577,0.43729370278708568,0.24926889581673242,0.33447124407489348,0.30865744682528101,0.33792055279383643
3774565464,0.251037167513946,0.28977633249502444,0.48514987669738313,0.20956201309266931,0.44661957800270585,0.35654613328956131,0.27269161035233214,0.29607359448947468,0.29173422545982092,0.26429363310325377,0.20808844344375216,0.49290462954139613,0.1911892269728479,0.52330701954118497,0.26491020890359296,0.2662350626747863,0.26529369546247855,0.34935688298463413,0.26534417731452042,0.19303849428790182,0.48846082289851606,0.18086903634130599,0.50583433761052032,0.26872432753520614,0.26370480000776608,0.25313627030292035,0.39915116351018703,0.33605813164690768,0.27869937530680294,0.27703521973407458,0.26622139516259302,0.44454030143917639,0.33419173754831899,0.34015580498915843,0.35588423954017628,0.33182746260031215,0.34044274312178918,0.24184642043709237,0.27074252734873044,0.2603872827767546,0.46598175218821181,0.296717982088337,0.36036886874188834,0.35812071537886925,0.34815118887884094,0.33537566953011899,0.24936796072634107,0.26396842262802755,0.26191962069957581,0.4472772091793909,0.30607743935014164,0.37886135570657009,0.35032995833200503,0.35644106986105922,0.38476379819040413,0.28983852698553469,0.28181897245517945,0.26697584269582875,0.45263416731881451,0.3061468605137595,0.33732708607934953,0.30694390215152223,0.33263295856923258,0.39014044042851193,0.27474228661042854,0.28690796721329093,0.27164109458730484,0.4432488459272883,0.30036865695679066,0.35177147909440637,0.32003217865726369,0.32147688984862594,0.37610495532287519,0.27997150076897409,0.30168364458977009,0.29302750574540865,0.4026062852620037,0.29912254730632776,0.3817290094714314,0.33485597128036854,0.30638404859371321
3774810315,0.30305636876160613,0.32513542897455083,0.34515310983250652,0.35366899075816477,0.36102722304049534,0.31708613765335592,0.31530973303427901,0.3391035744596605,0.33605895444783379,0.32812745707519098,0.33656047289830465,0.34692128733974303,0.32361574711881386,0.36765752399370744,0.33154806555973337,0.32989645532170409,0.31206781760818758,0.32041178464506864,0.33307166594002785,0.35952359106369236,0.3495063545287404,0.30350528431629631,0.34943263930095342,0.36459108922644684,0.33191698769078137,0.30962932913028757,0.29063182059315956,0.34411159541951936,0.28551746173175291,0.28494216653501259,0.34731671065795239,0.43500161136991239,0.28073267724251227,0.30797611857914325,0.31328658759566663,0.37042007329282084,0.3688372723546402,0.29479235669365511,0.28644371329274387,0.32080758779117913,0.44768109276139895,0.29512934153025489,0.30541311487674483,0.29729881921327406,0.35057890357747112,0.37817090880736731,0.31935834587238737,0.2880465498549209,0.31121864848314879,0.42853466919316924,0.32810141099994755,0.31418569667885693,0.29544208874019451,0.3128545373460434,0.3076541928483994,0.25945227698953793,0.40724681190489498,0.22015827818974923,0.42460051614502275,0.18813129872576934,0.5061337853062623,0.24185757321854454,0.30556225718241298,0.3266932694830999,0.25390070829650024,0.4075681752745195,0.2154589664776356,0.43129726290999632,0.18520474222902239,0.50271729907205831,0.24047420895151692,0.29223431024143554,0.32064484901612234,0.25506284160075449,0.4367176147370852,0.21982424173373649,0.39846559611912025,0.18740541364179977,0.52180188648866555,0.24526498453610784,0.25837396338191432
3775511193,0.37028028409115016,0.30124228166075345,0.32031005301743376,0.32463638863850469,0.44199723158015292,0.30621297039987017,0.24451755170799178,0.34490113667512229,0.31029777606368658,0.36344775583486683,0.2872843835967499,0.35695884556860769,0.3178024935422879,0.42553635325088035,0.28153192273729927,0.2333133718767206,0.38426451296745601,0.30744040270471878,0.36857180931640848,0.29834994712532364,0.35644020869446524,0.29509959426608984,0.43899829277480917,0.2957548950212851,0.23313129748963232,0.37929640355495242,0.28740616641814326,0.38870976123255607,0.26279396823932366,0.26728075476470764,0.27365675160487329,0.5359627735951783,0.29782680736288397,0.23730468831492246,0.27444771853266559,0.35485920139115107,0.41273300325282875,0.25965014589857144,0.2737643355765324,0.2533982815815724,0.53363058568149158,0.28582536668772401,0.22306600728592907,0.27848627836671691,0.35958985440284391,0.42236670973093682,0.2677668843581491,0.26479248995942622,0.23501718651983494,0.5480574655838647,0.2933818092379698,0.22852786499412292,0.25782075783324254,0.34557590482925077,0.40808508700756785,0.2342523394201278,0.17129486021577278,0.19263933970477157,0.63328722163801665,0.27062960166351357,0.26060991819171636,0.17124016231279926,0.37497564564707936,0.43727080220715608,0.22450667368581614,0.15020314783024241,0.17558317668008785,0.631170537180752,0.26201693231311912,0.24547008651798555,0.15818731966922989,0.3907590490151221,0.42676548093749894,0.24188552485664591,0.16038543705836145,0.17639222463842152,0.62792692932544658,0.2725413876291774,0.26314359354130612,0.1581976320720965,0.37374164821350675
3775516933,0.33517142307789299,0.1743083059082344,0.30234563227015199,0.19912417829851961,0.66776939887609255,0.24120277988114108,0.16181673522467921,0.14526444077636305,0.41812942197897052,0.34984200472397003,0.15063774603447394,0.32462109843067655,0.17512916739536807,0.66875343508833296,0.20512639628468612,0.14260696326934641,0.12957324866283185,0.4386749963618865,0.3080775632442076,0.13637722581757511,0.31810384516834844,0.1748202853754294,0.68378454692715107,0.19025192219208453,0.13050858488834008,0.12617903202634156,0.46693308328691452,0.34748374467854704,0.21838778318360166,0.2394582408055502,0.22926618743471969,0.58551927211843924,0.29233192513530176,0.25145726881428448,0.21505870198382665,0.42882023200970787,0.36183383815622217,0.18597310279246079,0.20945815347013008,0.2074892906068917,0.61894016105191751,0.2693885876306632,0.23314844429957324,0.18827788628686923,0.44955737878637336,0.33699769865769824,0.18941378174955262,0.21531084785798896,0.22003123716886133,0.62574763648831611,0.26953723873480367,0.23645113705284665,0.19638767767727772,0.44395354841527063,0.33357583328440332,0.27497138631994394,0.32772603743801038,0.24154130634469054,0.46267923213584672,0.31682006997696477,0.37215876998138991,0.25634474883127784,0.35876108620926733,0.3477664431601078,0.25110814307707147,0.29861611148558054,0.22986575656517688,0.49969874193355257,0.31378250977246397,0.35997147392191142,0.23851581568892449,0.37331727006289844,0.33935011178487234,0.24686186003315325,0.29749414028444082,0.2323933640385214,0.51546477261304757,0.30817413526565213,0.35574948001564788,0.24241571501459308,0.36795783298032719
3775613116,0.25545161157906199,0.42823392202066352,0.35667226381402173,0.37378096475742439,0.20299974032249804,0.36755158260220283,0.36021429054922427,0.35711766568918957,0.22548266641467465,0.22288382670321322,0.37846582973368592,0.3287480210346721,0.47194197140590038,0.17421648391218797,0.32881719779525376,0.31202320091995206,0.42898294263902681,0.23753934647076222,0.19090189341562253,0.2899021567470304,0.31947811932783865,0.54994161593836677,0.16068837699177102,0.2425066914482828,0.27123426266937023,0.49890518248222587,0.2605887356757855,0.21871229176020318,0.38958805085788334,0.35400169778973006,0.404093708546028,0.22384592502343606,0.25906640814189602,0.42737889842339599,0.37212613645893883,0.27096892076893453,0.19864520316442991,0.34668910298873573,0.32181272745047401,0.48372107126188635,0.21209505289322614,0.22897534947904821,0.37585731225861357,0.41253133613121629,0.30648390616466098,0.18432046009739997,0.31234619366621175,0.3160683347073977,0.51956960614914471,0.18508647748616291,0.21063234451602889,0.3514475575101208,0.45234528810873348,0.30308317208590441,0.25116438886959208,0.36006920674812443,0.33214867863678799,0.36911145993712785,0.29455550737705688,0.30131335237100731,0.37395224328939247,0.37041536981639089,0.32573006633216178,0.2450729776552393,0.32813124214653999,0.30285656625800655,0.41617106016331523,0.29762055737789417,0.28327640016296518,0.3296544336524822,0.37057957532757319,0.39054305245071103,0.24368187310540645,0.33043737400996814,0.3022888942412052,0.42754819699732177,0.27449193689280499,0.27981759890918012,0.34595387561286195,0.36880161775088011,0.38459304058855065
3777250659,0.38473675582278266,0.30406502685553172,0.27336556092231773,0.31338203859019031,0.47522347284982536,0.31773417649994146,0.2423609594667816,0.27590574833722781,0.35345420283263729,0.39319854657408332,0.30099137186580721,0.27031308771196672,0.31776907389457787,0.46059393890324302,0.31770866736822445,0.23361419485089271,0.28454306672059648,0.36349252366770857,0.40571270695470701,0.30681426041810178,0.28225125026131653,0.31006146407064061,0.43734161905156321,0.31634799919788065,0.24290430664637952,0.28851722957599035,0.36313892264495956,0.40659807791182606,0.2858306831662954,0.25522843426433722,0.27453712120357276,0.52710433977514637,0.28939577891998641,0.27164862141440771,0.24557273195328946,0.34172911033878955,0.4134470213145145,0.28358577632996779,0.2552370828220748,0.28265577285272947,0.51267065326127792,0.28218484979689956,0.27026441249592781,0.25046985274613309,0.3540662559324711,0.42709264777541844,0.29302312499490518,0.27515566679754094,0.26993947660536377,0.48479681431062305,0.2777363404944248,0.28131105179887556,0.25304842639458436,0.35751434111989294,0.37573028971213157,0.25268321511736064,0.24895702450927806,0.21129827949616023,0.59760722473598116,0.21404010783926664,0.35705416542184465,0.20742572165845086,0.3389552968903628,0.38374424092785842,0.25555714660362655,0.24837458622385775,0.20675419138294604,0.5884711717394141,0.20484170509498403,0.35261406236826381,0.20840993401345856,0.35631984782422627,0.40771425616352364,0.24658013807816875,0.25288408869458101,0.19229363162870919,0.56944121554880844,0.18997564751165688,0.35442984904092228,0.20679635621682219,0.37855092995752804
3777252619,0.43998308127714875,0.33834198553788147,0.19415058418117384,0.18415488112767067,0.57365298936407327,0.37624458077873502,0.2106629834034788,0.15132834938446443,0.28708048814372378,0.46228310646094117,0.29760756961208468,0.18387723108550896,0.18441527553849321,0.59085295143976202,0.35810804583488332,0.18354578337712307,0.14663643899973239,0.31203259127577121,0.4780687545309476,0.2751564754795604,0.18176354126905908,0.18302601152613837,0.59802340480995253,0.34039531301431758,0.17493824589898849,0.14674547982622621,0.32181372449724305,0.43390700117281167,0.33128017235164392,0.14487084056001467,0.19774527318605992,0.56726489206972475,0.40128213486917724,0.18959361537023572,0.16275981429525688,0.31086024136393292,0.45209866555443534,0.28959711748634481,0.13486215896135831,0.19600559790803759,0.59236666166364182,0.37451075298194836,0.16777833239290652,0.15309411144753879,0.33524670858779926,0.46758602616327438,0.27319819357392239,0.13690347912348971,0.19279528422156048,0.59501336496163126,0.35934146181165055,0.16628138926081959,0.15134047219022684,0.34218829452000538,0.43214891913453851,0.29598850909664387,0.12929919233423878,0.20693469030481521,0.57862523193616022,0.39719836107873718,0.18949449828643999,0.17046255017523196,0.32948218503703885,0.44917927644171662,0.26067194096470198,0.11941822735919638,0.20565043234929026,0.59778998577285858,0.37459478959090414,0.17073929120227196,0.15636172632649945,0.34994324117609243,0.47281426550626132,0.25326619830994468,0.11990742703374505,0.20025844852459923,0.5900983949172024,0.36892589252428276,0.16983549716005464,0.15077507346391728,0.34917331568067123
3778052138,0.40414682690724479,0.15259630309409172,0.17098517847573011,0.29901562627292744,0.62471000919564601,0.21431527747283724,0.10827593835082036,0.19619939860628247,0.45642295059777088,0.4163465232811388,0.13642301136712359,0.15297771639138719,0.28044742220984509,0.6464558778451639,0.19147642391277681,0.096405786381090611,0.17894632371628483,0.45837441317670885,0.41438984321612987,0.1269604089284247,0.14289265034130785,0.30059060371602109,0.63058303818911376,0.18874488291014815,0.088709155332625939,0.19166716098790804,0.47278311146145474,0.40499537548650755,0.1473451682644859,0.14771244283014023,0.29094894526652831,0.63186390745637444,0.21203746874305066,0.11503566245165854,0.21363987809516732,0.45244977410542858,0.42105119163026078,0.13340729639144727,0.12927528267980093,0.27430668148794163,0.64734438114397475,0.19957162688842381,0.10267097228113782,0.19251179736086158,0.45439676772881193,0.41997786273498494,0.12327863424557192,0.1215771100444818,0.29238748695073907,0.63577285679360962,0.19272270090155513,0.093189780099162872,0.1972866274011647,0.46818160591359886,0.3941318036811578,0.14559728725824012,0.14025101455957178,0.29371105516052942,0.62482321326761603,0.20334379977278325,0.16072488419207565,0.22590027979140309,0.45706546445816904,0.40388246293490476,0.13217935015387797,0.12413742261063185,0.27559262046036581,0.64166136624877412,0.1908270326881745,0.14559333545714717,0.20275540639903272,0.46647050918137578,0.39678765088383644,0.11963286469449563,0.11541223569375247,0.30070259223408341,0.62896297122372746,0.18282172454507842,0.12525712995514993,0.2096489304151587,0.48563903488484511
3778482949,0.42620329113662342,0.3019815961323104,0.32636404936895891,0.31416682859233691,0.39064647447114925,0.37573113871410263,0.25884037995566767,0.26709498641813756,0.29971141985881217,0.40957246517938883,0.30726450480003287,0.33400972882431967,0.31368811957335174,0.37750880467408704,0.38190749939535046,0.26658787889136826,0.26981076839353163,0.30926200242129015,0.4191032681454252,0.32165223802385084,0.34419770129906346,0.30208390033775728,0.34768484193032317,0.39132738450210663,0.2764660835364684,0.26714386189248412,0.29890520747034355,0.46115487785701537,0.29280474685297164,0.23462299501686193,0.26656454128227736,0.48094931531822821,0.35108527665555428,0.28071624963028008,0.24337322500411201,0.28790915879338325,0.45419271111624115,0.30473190175665293,0.24302654578711022,0.26695010244108935,0.45194539905115294,0.36672131627413163,0.28379012532959585,0.2535691442791963,0.29487261801773068,0.47933261435411129,0.30792103332077697,0.24657349818630303,0.25878807707701507,0.42811977905353255,0.37421235430100275,0.27950123227211793,0.24963906335143393,0.28964301265768228,0.41785510948521437,0.32270943421559173,0.26301594567637937,0.25064039175699215,0.45180534089510022,0.33463623991345859,0.37121771409371451,0.25341872996851783,0.26669194930481843,0.42596716856786854,0.33251860817516093,0.26367684875298991,0.24363594931363314,0.42916712846686139,0.34814979629099441,0.3731046112269108,0.2542846196644688,0.26427060165608135,0.44222258790160685,0.33446938146248889,0.26633634982974563,0.23394713621035129,0.40841988541046426,0.35274136663249445,0.37906643070701523,0.25216291734301122,0.26151924474178212
3778484761,0.23693898104503824,0.28749432909803935,0.52712784418418057,0.21972323516534278,0.27494481606292992,0.29842806820250339,0.46160150972412095,0.32332318436747731,0.22977608092110524,0.24683821452281071,0.27799337216381598,0.51964011954997591,0.21528443519504228,0.28430620435426085,0.28316325318109237,0.46048974073337157,0.3303540451204543,0.25143841490650592,0.24620516797499598,0.25498467305033629,0.52394302656232683,0.2198158850532487,0.25827696229837177,0.28113045786115098,0.47305515482398974,0.33611898334117501,0.26273944703493285,0.30276347963326955,0.32350688254172094,0.34750652801896142,0.28690094943120492,0.31399865316336195,0.32917681123701265,0.43739920395577847,0.34631093885905101,0.28705881401053257,0.30503514718300601,0.32406492450953506,0.34380097736661441,0.27956406664037514,0.31267831463332674,0.32175569231693735,0.44848068184494044,0.34386080910006589,0.29139433954873623,0.30368737044260202,0.3215733943830012,0.33668753041181965,0.27506310146857527,0.30675516961903321,0.32460810712890342,0.46051233723430091,0.34486243152093787,0.29133391710081202,0.30129604698700785,0.34019290855395184,0.36457458954824562,0.34314900613118027,0.30811409675517593,0.30856397482950171,0.37608161938012491,0.35224000146344475,0.29524086365680957,0.31637652088263618,0.35842710899696356,0.3590076312732628,0.31691791226899513,0.30628518320310899,0.32091700690505309,0.39076076377076979,0.3324269396955119,0.28655272921007663,0.3182428126704494,0.38985451577141234,0.34877216292145224,0.29346028676928898,0.29599181963972865,0.33788811216954395,0.4049875397710101,0.31613932070184864,0.2706205520053877
3778487203,0.2964152481081504,0.29955497770737632,0.37894544765895938,0.28109659313161384,0.36202322206499199,0.37004330733104862,0.37627063570442909,0.28768796890537529,0.32780029530516147,0.29161197013465068,0.29517872842675452,0.38860704608676716,0.2807946268402447,0.35139742644210442,0.3624214175868371,0.38499187922484385,0.29786925296048644,0.32587824394158732,0.28803804589306847,0.27084046231972408,0.4117910762163195,0.27444564468960014,0.3587079210574548,0.34029796372284971,0.38496502046250231,0.31557579337182634,0.32638472019654441,0.30522974511886436,0.28663436433621481,0.30009678417224994,0.3042416129915016,0.41460814531056389,0.30917409953731495,0.35676174633907021,0.32309095722218178,0.37802016070178546,0.29873761777995161,0.28649145001883847,0.31256464564253278,0.30440173915057056,0.38602827315889526,0.31046212435711329,0.37541554919340725,0.34212427401580392,0.36732952846489625,0.311334344014631,0.28000242184839247,0.31169390402326153,0.30086076946562768,0.3785208069504839,0.31247394815739088,0.37909021761143241,0.34866463666348835,0.36166956292635882,0.28623302859966465,0.32120509957508031,0.38804725569171628,0.30334393060684944,0.38084999884040799,0.27105824085444108,0.37222579544899914,0.3202122230518612,0.33569704070821332,0.30218643705686432,0.32501042501722111,0.37685801390806628,0.30042280189661097,0.37336090806307237,0.28262695081234546,0.3663450065399122,0.32581365317065414,0.33337093106885907,0.32549784216938765,0.32529732225753033,0.3547484626644396,0.29641939890581176,0.37721607180570677,0.29532974249606303,0.35955638964450576,0.3211971197815679,0.33550237954155487
3778500481,0.37695201609362966,0.29460283423245109,0.31855248366305128,0.36008537198707935,0.38032927550472317,0.37292211201618719,0.25190790578377342,0.30495689350795213,0.31591392873018215,0.37285105861465645,0.27373388803626547,0.3133279986810304,0.38534284537078778,0.36880881841743252,0.33792104890838914,0.24688307456045028,0.31790379293164978,0.35660010104986034,0.34316921405370282,0.28746954421541593,0.32188588835691256,0.39121155952939624,0.3553936363368535,0.33846469054128614,0.26630413443496048,0.32771226321565389,0.35179954878596598,0.32494336817056763,0.26434133321171327,0.27745026082191926,0.41883269017537894,0.39383754643994751,0.30238754222091624,0.26106361058234384,0.35841670396693776,0.35912810978188398,0.32766981411987833,0.24754820527267399,0.26816316391087491,0.42865401892255939,0.38055023227370416,0.29286337733744916,0.25116036347148102,0.36050828337994106,0.3899505411143932,0.32400178710345306,0.26665360557602824,0.27770367400510393,0.42311791986430347,0.35679711514749951,0.30016478003777136,0.26459796606516867,0.3666202831037213,0.3820274639873425,0.29233541415713055,0.25462979275261099,0.34752321863806168,0.34900820280019812,0.38059018762255792,0.27574884934310234,0.3219317533143341,0.42100193969624577,0.32458518014378562,0.2970625622457565,0.26246242176347928,0.337517023153381,0.35653795125188259,0.36475374003261501,0.28172564666306976,0.32439364132534543,0.41314192977460756,0.33689482623798067,0.3029233287829447,0.27999995484080231,0.33796792828580852,0.36099757145828193,0.32865183697082556,0.28796919536130866,0.33639119746750129,0.4175422001431795,0.32689001887073643
3779286782,0.23961671926771533,0.37040034445778419,0.39502971298057055,0.4122921784840291,0.23010104690727054,0.32348385991414486,0.29267875151305439,0.42220052211054038,0.24052369541790067,0.24534908576308967,0.44038642856360316,0.35287609363996164,0.37913447279383189,0.21877723188834314,0.37906540600170313,0.29681373721636722,0.37756886618300234,0.23534743301313121,0.26571400681487162,0.48211538782409175,0.34829305165543573,0.3163798765072029,0.20869854335570479,0.41481611183273309,0.32815612292673668,0.32036601884561511,0.22272901108176038,0.28138081666539139,0.37467569242854987,0.31119896684970605,0.35636472328497298,0.28565518215340735,0.38128735242270284,0.34360525299761258,0.36249451019826673,0.28311934478726186,0.28463596705040339,0.41340859554500775,0.29971009983794067,0.33093825215132561,0.26340547374564671,0.41722963083728792,0.33639419645770485,0.34206154997997756,0.27404241428867027,0.28442485992400285,0.44156930458831001,0.31940460832504625,0.29495310562910221,0.23423738754814863,0.42266627129387419,0.36328326941774497,0.3259724884590095,0.25170551868721974,0.31149240695825553,0.37627456957769134,0.3348712454859798,0.32211247019894418,0.31110990262968652,0.37658107632218479,0.36805737418620404,0.30820275239914624,0.27647218665274798,0.32057918962463761,0.38483762392269727,0.32973579885862531,0.3204183587998306,0.29354713826575368,0.38198559786613001,0.36480668887414502,0.30890201254510941,0.27775538671735328,0.31677946568907384,0.40227736898516364,0.34389450885400075,0.30890771208032974,0.26192033015166521,0.37750388883785219,0.38008658049458893,0.31197754165163921,0.26688766406769721
3779289528,0.39300809711889761,0.34197792971825131,0.27747816271146414,0.34515436619972273,0.32140156176455875,0.44729103473293685,0.24659366432513094,0.321774667221775,0.25446895090449395,0.45017043638531801,0.33198059068277969,0.25746594139455425,0.30050107676369048,0.32068618553350248,0.48978155498206577,0.23094421685603955,0.28114064589987436,0.23546751585069384,0.48222596109209664,0.28446846692927302,0.27668447863934703,0.27917650403838462,0.32445011283210773,0.49166933802169838,0.2190383225289278,0.29026579631934729,0.22978979215407189,0.42574653109475247,0.31156652588659478,0.23221364110707532,0.3173103606618512,0.37904903368701021,0.41857961304845076,0.25368736051332441,0.31107140907132685,0.29503792961938674,0.46327606351344164,0.3043811927108766,0.23161322314774593,0.29389692717729937,0.36600744119416478,0.44178677833523949,0.2453152942498055,0.29687771274916791,0.27432518155408031,0.4940629046525658,0.27602984836368044,0.22930821513025507,0.27879486297294664,0.37108827574440661,0.44767059088429739,0.23236141967656176,0.29905586432797904,0.26049725763695386,0.39704486581881127,0.28044948395577374,0.2603402610447102,0.31373251497871085,0.42506180901030216,0.35472260567874375,0.27594131092425844,0.29520215522427368,0.35735796844403439,0.40864080755337173,0.27749217097469908,0.27722154882173272,0.31387632049801784,0.40104391134587747,0.36018422068060674,0.2778590949063231,0.31819552437727294,0.33409232440488573,0.43997471418520501,0.27562525907610413,0.27666245102380821,0.29288945238768854,0.40379592222151584,0.36940995877645461,0.27257169844514878,0.31216973668944542,0.31123379156417524
3779292138,0.20421647589064329,0.17888625214805695,0.4686284344243431,0.24753151807821558,0.38925477883617032,0.36567536884355389,0.31988919160795326,0.37445822622061548,0.34296504127202793,0.23062143007653005,0.21439493228747419,0.46899389872776315,0.26200905958848275,0.36255286040814649,0.32338628485561433,0.331511169759661,0.37465586005847118,0.35490079106381084,0.24718116479687929,0.22045000546678684,0.48021869252396948,0.23838086066467387,0.30550648109948231,0.3387677030467916,0.29867560063354082,0.40384876623004801,0.37745078479043309,0.22004521718977815,0.20788145090423285,0.25806714568168404,0.25410650059230117,0.37478669869071146,0.40560648871417165,0.39371726206116064,0.42600204256753743,0.36840722021113853,0.23007216288706864,0.23912559755382112,0.30177960551161997,0.26886065260836339,0.36694286694953238,0.36975611134939401,0.39251739280335868,0.41300330617416187,0.3612761318362237,0.24127286263948564,0.24196390313930688,0.28797267402227406,0.25359327590676739,0.34901311170420773,0.4003119592385318,0.35830452905945409,0.43106009194677736,0.37382919932628073,0.22791765231147076,0.27186104069831563,0.34258564146470705,0.27924733720575701,0.37626051971607921,0.34404382157033403,0.45248706730264254,0.37428315716497335,0.27208539643681245,0.22286317133045594,0.26583718277237528,0.33883771178441646,0.27630374118262369,0.38520035985536605,0.35241100392412039,0.44197342546882584,0.37977540707551327,0.27634228001838496,0.23136073292257031,0.26447725048769444,0.31847184680169882,0.26506327480757269,0.39450812002538066,0.35707716787011401,0.44370444902891909,0.37305594837653033,0.29267031626060142
3779294788,0.22706985082797004,0.34111587490673384,0.50087642301865443,0.19570332671576565,0.30866028621120667,0.24297028502142543,0.54872883086967827,0.22518032094658208,0.19179937046673468,0.26054687162209922,0.3444868999500682,0.50016543687530968,0.18535472364914182,0.29535772834385743,0.25608019029694784,0.52905507913395755,0.2328343839724113,0.20493380379583923,0.266958011502891,0.32121364422037801,0.5133862396549278,0.17596406074808377,0.28056636664928153,0.2495857552347833,0.54421140554186354,0.22940786639560912,0.20303164894974537,0.27024262122618592,0.30377272544452338,0.37653403404947189,0.21851002512685697,0.34660845056865475,0.28200147779727675,0.53736258243313717,0.28789772104609074,0.27177312977511248,0.29183613397446967,0.3103662269021692,0.38698272091460584,0.20870824085949005,0.34004085457402117,0.28938683156549266,0.52153514240550347,0.28558098250272718,0.26881550982665248,0.29526029503847107,0.31211884195158873,0.36022315987636444,0.20555458794707612,0.32929803804328311,0.29660937583506236,0.53999091368238361,0.2874366373750078,0.26975068019988624,0.33179511761548491,0.28715530197565087,0.35451271927753431,0.31415823182713887,0.40363640795518557,0.28455927760989219,0.34607104176145931,0.31834086669973999,0.34362296576914014,0.32142667429655097,0.30102206780277485,0.37958423098261562,0.28755660936898242,0.38072479437128437,0.28932354090696433,0.37427957052733685,0.31404851132671335,0.3345541064447477,0.31838076249241437,0.3157155604200233,0.36987489987425154,0.27994778849832347,0.37523587385364121,0.30157450320506612,0.38854510470251891,0.30313886704397408,0.33040813684994597
3779296572,0.2951937619664059,0.25517519243541287,0.41205554180697457,0.31890726230824679,0.40573168843177315,0.24953706830281316,0.30938161605015618,0.34685939754697331,0.36515648895524871,0.29863583066606836,0.25535032874989133,0.39347294056027654,0.34073425734234203,0.4042625319075307,0.23346332133612116,0.29682150097916682,0.35620497832249082,0.37652853928371532,0.30111249117271272,0.25249989661482602,0.37426249136888001,0.35785588341322377,0.39715595172484697,0.22796849145058279,0.28301943837040622,0.36055926129540589,0.39703444040040292,0.31614849220434771,0.26649233495004787,0.32637701806022934,0.3418224318587233,0.4105781016005654,0.26900531271519379,0.30793813778282586,0.34011796513890158,0.39271244048645904,0.31747252496697265,0.26624333175992626,0.32593706747030432,0.3380487562331872,0.40786816810518634,0.26363213910733091,0.31039950431050412,0.34905097139726382,0.39213640521035004,0.32415677684457311,0.25421471916671767,0.31693360889917299,0.33731364464211805,0.42736837771009573,0.25845810380924705,0.29553257895951857,0.33746619914762926,0.40669716200722311,0.29088782693781912,0.28931757787138457,0.34192995081231808,0.37413006935992271,0.33805048952108352,0.28443527626802317,0.33973022465212821,0.37223835535770516,0.35444410408093174,0.29473851592227368,0.29151416795430934,0.34180510859645424,0.3595001858985496,0.34372306572267353,0.284790216557891,0.33724603764352823,0.3745917363941958,0.35884913156200898,0.31094963258705921,0.29616609095632712,0.33099499053765497,0.33486879016613075,0.36614686355900505,0.30406540248293612,0.33470617853607565,0.34956214768860161,0.36491088916192971
3779301158,0.31814451300822266,0.24544909025252626,0.37972988573672573,0.24604271305789438,0.51195721326869537,0.30502490010991529,0.25391152637648035,0.22630187299549304,0.40371154039244067,0.33574246311723882,0.21699088706936995,0.38366274793557387,0.21795511114790725,0.56133923213094861,0.32356244379789689,0.22278728836998313,0.20375587696756817,0.36680426821073464,0.31231686183978907,0.20527812875641083,0.39764536802924916,0.21835033157017961,0.52021198752899289,0.32951505505732115,0.23209161000734085,0.22546524121761807,0.41306000025307027,0.31485974201727868,0.26333803486771695,0.32815436443680451,0.27444767206439868,0.4561934251723454,0.31967712660589176,0.33936363067242287,0.28234588453321424,0.37857207326087777,0.33278684904321409,0.23861327239228647,0.29740188109776505,0.25288121124152463,0.51524898376700323,0.33200801653932255,0.32123964592373516,0.26586029621857271,0.36101574774407436,0.33977324867687819,0.24069815749190498,0.2954847349180611,0.26133104545189262,0.49641118903983,0.33412954918901638,0.31578886363235725,0.28385456289898409,0.36421248261132627,0.29178944784640121,0.27227025524619763,0.37448867437079575,0.28880020537854129,0.38698538608925626,0.29888890215001351,0.41280290957032878,0.30103238289151746,0.34199631893928478,0.31082158540576338,0.26690557916790636,0.3540559332621071,0.2693678465611411,0.41373705385105053,0.310755460579834,0.40602976329391477,0.28773171591205787,0.34473131898328169,0.33345954677665529,0.27147852809233081,0.32955570922078209,0.27702677066454168,0.43182386946877183,0.31347323428939627,0.38303779026974488,0.29016288024613668,0.3377921816579007
3779302036,0.24695311084145111,0.23033720782775999,0.2598118163853419,0.54720647947727297,0.2774884883390703,0.23346505777785254,0.19428931347941278,0.48535603242313602,0.33793076519866549,0.25298069214194235,0.24393756016523882,0.26443486636376462,0.53698768684888576,0.26228890635234081,0.24415221995323877,0.19776793029443276,0.49458703708963075,0.32569830288805696,0.2790415798380263,0.26969164190324341,0.28041568354053947,0.50065987273223422,0.27667201330859992,0.26847592003590964,0.21551962249039625,0.47313558604883582,0.31808211113203394,0.34044396937942029,0.2394630796585456,0.23026381082279365,0.45786499757676785,0.38584930266117407,0.28589931482881875,0.20665762334008697,0.39935343623629482,0.36233258980916283,0.36086027681959243,0.26433593409515604,0.22963415537323126,0.44508479985443722,0.35986448521835152,0.31554263983650893,0.21351118634590957,0.40154815505196639,0.33641713245131694,0.39670273584637972,0.29887305615794635,0.23299595064104248,0.38778426986949671,0.37807517411483255,0.35308481735099001,0.22679940264884044,0.36149655383591034,0.31450058729116187,0.38609895208430384,0.2295880226272691,0.20911259518653674,0.37818466269245593,0.4603861193464226,0.29774443373241055,0.24116410529520657,0.33476097618930073,0.3750107287953422,0.40917347271849663,0.26334154189023179,0.21367296143958311,0.36623316396785022,0.4202097835893025,0.33937189699739617,0.25551662244502693,0.33289857082029845,0.33997893311334704,0.44072372589493447,0.29605112323237881,0.21377504714115311,0.32119303880194805,0.41468933877051534,0.3796629217147483,0.26975530941862824,0.29211729299998851,0.30828551325379489
3779303606,0.3055011493922366,0.46004219475025043,0.2716084147761394,0.331896459888255,0.27179522566273828,0.45164462348930035,0.27006552315712562,0.29891368309181915,0.26638982380877441,0.30785244607035239,0.44685201848888984,0.26916270753533772,0.35393671072577476,0.26269197139082173,0.43483153549999265,0.26445440381416435,0.31702019932238512,0.28161481094194357,0.31286017429813118,0.40085825634625405,0.27710113672877684,0.39914722831598842,0.26117989437998251,0.38958317085767846,0.26177169852870036,0.35098186276762383,0.30598192028605103,0.32976746320998873,0.32190569318097084,0.24599720041311302,0.39280124109096631,0.36660348641788171,0.35716138447469326,0.26320770554302031,0.33674364148844649,0.3580303743594061,0.36408092021593935,0.34338801275838771,0.24249974761041546,0.36492255067292112,0.35572742174537447,0.37505211083166262,0.27235024910208605,0.31786001069777969,0.33932200100225346,0.39592823038359959,0.34433986760978258,0.2429242878304706,0.3409546204864341,0.35882576579611253,0.37918454789383416,0.27785663685454354,0.31119070288158501,0.32066774521836172,0.33338292924674329,0.26838935062371977,0.2420621373021076,0.39533493212698606,0.40286350325003739,0.30736289005160933,0.3029866445690868,0.32489572242528253,0.38446078248481202,0.37350709792647063,0.28205355533612636,0.24741126103046299,0.36323955226014404,0.3936602895873445,0.32554054314485925,0.30819909711969251,0.31361192479093097,0.36537478132105861,0.41279725530914407,0.29616885040964192,0.25343651873737538,0.31816476810493732,0.39917682720651693,0.35107779275109896,0.31645325170060207,0.29472565207890722,0.32683315423765058
3779304642,0.2971518640021712,0.28456297026679928,0.34148826118399522,0.35851038816700453,0.42959434546085379,0.29432319376111316,0.30388504409026679,0.33914867520145275,0.32716249604918307,0.30062702582390072,0.28822003687625358,0.35527822922989472,0.35057822836922997,0.41746193012664634,0.28970832736178775,0.30636032099560756,0.3450223303057891,0.32607111690317309,0.30893665032735285,0.29396916401942202,0.36301318869749288,0.34460754963721801,0.38225333670099787,0.28353965782626928,0.31266799948028628,0.34837375865493708,0.34924114819247559,0.25178000312667803,0.25838694733607775,0.53975274644160898,0.26333252734873863,0.35097735510378247,0.25022166431479587,0.39036902806834223,0.33055100469951593,0.24843103808071809,0.27313509604862907,0.28912683347141982,0.47592969110164418,0.28436026900416866,0.37301616721049402,0.26975788569514536,0.37556221299880566,0.33040259792992027,0.26890473965427231,0.29738159332220887,0.32191538301158007,0.38629599077692206,0.3081332551186689,0.36712061969909204,0.2990270461893248,0.36156343887617393,0.33459227446393619,0.31127012248224395,0.18991256292789144,0.22811407828045804,0.55574009683320313,0.27714375881855963,0.25951230988866469,0.21090150667238033,0.45348823570386698,0.40095198397697829,0.21909191546453677,0.22458144664480584,0.26864544154451014,0.5053965673243247,0.28405610667746983,0.28703425663827692,0.24474585857025177,0.43874315432608346,0.38239265096460517,0.24550008324896219,0.27605715392315,0.31428683024939047,0.40571736333360525,0.3148433010550627,0.32693230857488659,0.29401168932180888,0.38696906012921195,0.35974326148644048,0.29798562324793199
3779308462,0.26329040867568732,0.33344608239715301,0.50342006106107795,0.25785732026939112,0.39123039264058096,0.3597155569784698,0.30572306178845438,0.23514925016721638,0.26144102726025426,0.31099781384167285,0.31533864806849599,0.46555564944137151,0.21248534517668302,0.40606203531604529,0.41028997985963206,0.30295436192460679,0.19827055427023901,0.27862693451243925,0.27236386575236415,0.27944419305327778,0.47850619372925379,0.23939665936063614,0.35048556245745088,0.4377179891317341,0.3148344247487555,0.2263346550628075,0.31090936128460456,0.31779944780026553,0.31493369554320788,0.2966626407819532,0.25780443314593454,0.37293904506450343,0.37189641273723262,0.37938206969876043,0.3344637769041835,0.33490470498436642,0.35010494316791541,0.31111841297434473,0.25898417746400615,0.23705537985944578,0.38699630236620414,0.41649868668761414,0.36226679007861096,0.30125289655082677,0.33486706891946277,0.34216301932689941,0.29801114137456081,0.25244312502415445,0.25002432868220825,0.3601459967152521,0.43591728378772698,0.36211459391489115,0.30905563827101212,0.34857241109179188,0.3320360685687796,0.27773156634273094,0.32113444051030543,0.2685356401093123,0.39096543014691093,0.3032719530667215,0.40855827570317388,0.3314523242495751,0.34025010165832975,0.36215401426591809,0.28344589561325279,0.30977877977885498,0.26253438629018311,0.39650364638643204,0.32534989469544312,0.38835115666113473,0.31664517070757292,0.33085827047226557,0.36924541036901037,0.29920701655293913,0.30765666130930058,0.2628854535422126,0.38307244337731361,0.3461481906629611,0.38338476432430396,0.31574470157253648,0.31165673637101343
3779309242,0.31734599554754728,0.3142691921307999,0.33093177676587776,0.25090764745020017,0.43642992540513537,0.39030594582872874,0.29590005005758879,0.2823368774563233,0.34347507434728713,0.32576272156305858,0.29253115566076171,0.33875531222946748,0.24835340079841881,0.45642145183163257,0.37388171061760173,0.29370144958506206,0.28488883170668378,0.34108550164586915,0.32723157868889485,0.289604700651233,0.36356489469906478,0.27236894669881556,0.41340206975331967,0.35048897728964817,0.32532901949938658,0.30805163418497561,0.32894641587031975,0.33490127237130762,0.35035218774727717,0.31659086015916321,0.25710901365143463,0.41712615453843876,0.34984222070392268,0.32293510428854943,0.26461007486865107,0.35786906543374591,0.34708738404548273,0.33880324759260599,0.32006380896206693,0.25100992491583329,0.42996097160808988,0.33280109543360259,0.32757486244841821,0.26309280243289268,0.35658063389129185,0.36297314923677021,0.35354528241951294,0.30863593920768356,0.26202068212040991,0.38874340671670643,0.36614402270628293,0.33966505393603197,0.26841647474896918,0.32671485459313337,0.31051741666997557,0.33830335563979952,0.36048579601453784,0.25461438497500655,0.3535230448759788,0.33825995575705808,0.39539682491461409,0.28902025497646333,0.33923673646593849,0.31429518951939989,0.34563781578897479,0.36992073055263336,0.24813028887697142,0.34514525448203187,0.33239291443489377,0.41315476092023062,0.28675201968573188,0.31750457626712264,0.33550808272021276,0.35654995402579942,0.33964032643772835,0.25043090351631958,0.33680052780895653,0.38843574417695875,0.39388961926721505,0.27669982649206193,0.29360943623790642
3779858283,0.375145626827114,0.28920790939796359,0.30612371023294921,0.27559544123029189,0.48470550432531179,0.410730274493116,0.20664899124715594,0.21861449153147444,0.33440252388602199,0.39388714666646013,0.2968853234314478,0.28764506839848697,0.26826438977593775,0.43990296481214852,0.47536576482296505,0.18761421822442964,0.2166408045858326,0.31683901256219754,0.38745499935575989,0.27992145411524955,0.29613211010506774,0.27755890216531609,0.39563740312673834,0.48378872333237449,0.19446602566253757,0.23822603009479124,0.34876961637570109,0.3456522451081222,0.22227457706444156,0.20674294647466571,0.38749937331389706,0.48004099790282889,0.29143188248580365,0.18024038614862761,0.32490634456151662,0.42988076782016643,0.38131116311970281,0.24764893023790116,0.19833765583012114,0.36752382449973375,0.45653203865671976,0.35949132205597811,0.17965984102368854,0.31400668321488434,0.38772003857959519,0.37159859646491866,0.23188144974329528,0.20449849832536285,0.39311677287494839,0.41228649323850092,0.34578606137432671,0.18594942135051123,0.33997946314551514,0.41481761282674118,0.33363028298711472,0.16759246705942785,0.20225529739185974,0.39111170478530266,0.49878363657458441,0.2160282609291595,0.19518094920494031,0.34288327458056411,0.46433838872051669,0.39093565949781095,0.18076310016790942,0.19981781846305616,0.35931326822693721,0.50023395684991812,0.25524780181915518,0.2025246219809092,0.32521975284205085,0.42812526677985618,0.37801673111025985,0.1792892415298242,0.20948574848762966,0.3966932351631659,0.45864878848432189,0.25181848928439443,0.19404775765820551,0.3542232335870738,0.43221407514395105
3779860105,0.3676115195287567,0.19554846309942503,0.17958123430301487,0.32698568098041902,0.56464912244429943,0.25273975670029591,0.1358724579203503,0.20851946798088014,0.49275327049964707,0.40671007912204121,0.20955174851435135,0.16888527861626024,0.31469352101134379,0.559961020635523,0.28749958912613621,0.13945552699949879,0.18732554537470944,0.46083581038056204,0.45175100738154256,0.24117633060870494,0.16948212334453586,0.29243817344695788,0.53813907269946559,0.33400585526293164,0.14766423761641975,0.19047737573432999,0.40530331634265032,0.39987078816773236,0.16866742684042851,0.1416426421625559,0.28009972476305162,0.62114875689838089,0.22513582931521428,0.12555937721290553,0.15393807333718018,0.48699295113145763,0.46701352533330426,0.17489597086877837,0.12800881375113413,0.24450694298169279,0.62149579550970524,0.2620959672688834,0.1171680583347211,0.13455815509039321,0.43399801475631877,0.50672520889638717,0.19512579214381437,0.13517202274765727,0.21817053498077935,0.61470803375081218,0.28158848580837537,0.12783167636259954,0.13363884663252962,0.38461317183773908,0.42161401289232087,0.14001003443599044,0.13241326603967993,0.20927457894872473,0.67312674044357623,0.20230514464668323,0.12932818993772222,0.12376060564931045,0.46393989943199759,0.50921945483697872,0.13435655443567796,0.11517719291226369,0.18193033034321071,0.66982293151372241,0.22602188115317887,0.11593200581787141,0.11234413454719662,0.38790376799914839,0.54360276698129795,0.14867069105463016,0.12313012760454867,0.16503344220087746,0.65623504977943059,0.2380818608376504,0.12821027073038221,0.11763235921076623,0.34984756648214332
3788328460,0.36148611037141493,0.32017314899987576,0.32231588762563979,0.26100087391157839,0.46274369496442008,0.3387077638969927,0.29867884158893981,0.26982911901313683,0.32239178313234934,0.37387930220538157,0.34046198879038547,0.32381579877888,0.24304426073292798,0.44148414211250081,0.34505400080577203,0.31284142409204835,0.25305989676874813,0.32325395976279286,0.36367219027684061,0.3561317513026408,0.32815970127224053,0.24602687501048615,0.4114042971851421,0.38452432222556676,0.32409394407442355,0.24980808057143253,0.29688596362962666,0.36126742198215511,0.30687131660768568,0.28144872404766419,0.28188836641466458,0.480174436303695,0.32790287547797609,0.28198127545835516,0.26834482288094186,0.35641439845593742,0.37499845970217061,0.33331925522957473,0.28615264952209052,0.24984406920591515,0.4630565767749466,0.3356862558614504,0.30529145519806467,0.25290353905874818,0.34597584766926037,0.37329037250821234,0.34017600752688726,0.27834324567689134,0.24829549048860708,0.46923133188193017,0.36489225838768641,0.29146997702900868,0.24007246032533783,0.33150417520092473,0.35456996214074277,0.28814784706034385,0.27556530975960519,0.28080853979909426,0.49294287268059583,0.28802029353214142,0.34826351655266879,0.25186793699324195,0.35466598774634478,0.36623272159613618,0.31985799815646754,0.29072627813894647,0.25294968496458686,0.44412920764764302,0.30181564645222331,0.38161976349769677,0.25050120975521206,0.34399300262602478,0.35253467285927914,0.31964583308673128,0.29402329708499864,0.25408080908413233,0.46621410750769005,0.31533135276300911,0.37829256598408334,0.23604410391083447,0.32699775458362906
3827225565,0.29938565249093524,0.25185625379175897,0.45024663154630501,0.22550013466697483,0.51954798922137879,0.2406332714972004,0.25006093130266716,0.24423600615570554,0.37861333541110892,0.251773683892561,0.2041433971499407,0.48224872177474182,0.17933062218507462,0.62102261955850124,0.19876444385990569,0.20772794500280059,0.2030788496240172,0.34733815930430778,0.26578173446666736,0.14393925252760983,0.43031310401786077,0.13943094808505327,0.65794504910697993,0.16360978294449566,0.145751949226606,0.15514850704027891,0.44615761487136452,0.30925683988303965,0.2469940671218972,0.28771846716087474,0.27312643773476414,0.47193663652844525,0.271076484683485,0.35177601891640731,0.33205015624779904,0.39466923731329256,0.2897319045665438,0.2346931148245992,0.24989264616962914,0.22731955735550677,0.52567376736613824,0.26455405309000957,0.38302204940107898,0.32734459827007778,0.38297763969469384,0.30577342602768248,0.20060260523523646,0.20640164163166902,0.19959600283346221,0.5773203490560741,0.23987045420267439,0.35962885560498015,0.29269308107883613,0.4218793637327321,0.30696550628765124,0.20732521654950439,0.43272977740081098,0.2156263234140649,0.47067688260122015,0.209585911483293,0.41551322628376669,0.28301265796551944,0.33290877661723184,0.31261516917985976,0.22313435822669142,0.40892362878277705,0.20021964462785174,0.46427632219927589,0.22841460985449175,0.43225413353958692,0.28910791041278233,0.32714461072749473,0.31864551706663474,0.22226051568764299,0.38555421149839181,0.19855012982335757,0.46188766760622929,0.23092452078074116,0.44787588727124755,0.29165461977301316,0.32965056582094987
3830392970,0.26094805437405999,0.21875269188054847,0.43071974486827574,0.39268464467018022,0.4609406903633404,0.26153030313658693,0.17397195514043418,0.34980036672489545,0.33292888904592161,0.31732007599967266,0.22100389058093481,0.47375087547453837,0.32197257747439489,0.52081822446021664,0.27837251872476704,0.16767351187882515,0.2652164241117172,0.2741567536119543,0.30512542228001815,0.2439188779364786,0.45283978257382013,0.31518575307572955,0.43436430857429781,0.39793880773738749,0.19959774640860342,0.28642543409880045,0.2721941379372067,0.28786875093862946,0.2413074984550882,0.21732251461459259,0.39818444024372002,0.41162316024503365,0.36423910347872385,0.1871142704212711,0.3836999952873088,0.41082981952628705,0.33211823985367689,0.28456171470141001,0.18690304962859178,0.3102948445875845,0.42172510899643534,0.49065160626266507,0.1983865828524991,0.3084867785802588,0.35269539929606364,0.35861730960756716,0.3068835359049662,0.18086012341651889,0.29616838343292362,0.37014199374725276,0.54949859791736289,0.20725394424712584,0.28506371792170937,0.30597496445686628,0.32634419578924001,0.24203232347784995,0.20444618959475111,0.40247508186123848,0.3937784878496749,0.35808557160623533,0.22271890781488227,0.35635980273291284,0.41382674223659593,0.38371161214460248,0.29092361319944748,0.18013742536467831,0.3274128113515451,0.37503673166157936,0.46548386972152456,0.22992345409265139,0.3034810474787954,0.35522791066433013,0.4125362731587523,0.31856187293872912,0.18669385532534291,0.29833666773097028,0.34819470404605196,0.50405828058992841,0.23670831088644034,0.27659189684009167,0.31084493566463717
3944406887,0.33389558023105742,0.25418602496928805,0.28776018634441713,0.38803284921265063,0.43564459609166428,0.28520499734479016,0.23780428046604246,0.34261250943346133,0.38139935202853981,0.36566645584120044,0.26822747407624076,0.27157573500829446,0.37168710031597624,0.42314197171383117,0.3211267390294309,0.23984520855609798,0.33454450911300249,0.36169062869706636,0.35717665473723431,0.26753719463388298,0.26591427698492498,0.39610887111825249,0.39003981876507021,0.31656629047031254,0.23289022880407759,0.35118266185338881,0.37858108796421969,0.32604619881016961,0.2506623576372175,0.25951327754905978,0.29537224756062042,0.49643152113249439,0.2583370103039791,0.31691006253261378,0.28269160274583627,0.42748280137573241,0.34857798251767419,0.25667229272671177,0.25519012325210333,0.28289424404044333,0.49718154629780026,0.28178762797977264,0.3130212790279579,0.27425853583884119,0.40947251137815643,0.36123739622861945,0.26707127523542107,0.27472691475719552,0.30645323696648402,0.45872827168971869,0.28527766399364973,0.32160368448535115,0.2891638196664682,0.38721103332363171,0.27871021346006597,0.31334208259125318,0.30242773602971856,0.20472631875354036,0.47916893952306278,0.23575010123016779,0.45562263962596955,0.23052056878398938,0.38059063442239099,0.29143952436417025,0.31417463755434094,0.31480009065321746,0.20893000499115463,0.47358928089375685,0.23693179163710004,0.45093432198330691,0.23137115094625529,0.36919992488057546,0.29221732614279206,0.34994426520213734,0.36464055079492463,0.21104630050554807,0.39634984352403058,0.23938672700754487,0.50432482027458425,0.24642038185606113,0.29185445227514134
3944409335,0.33208648928399298,0.23594862831481755,0.25890575760580919,0.32679072779456286,0.5340183214833123,0.23244061608410962,0.23053134879407952,0.28923406521971945,0.42920526309520984,0.3472524022310256,0.22232452042764239,0.24951586659450173,0.3199327151267512,0.56574653992499846,0.22930201618461787,0.20862811985948013,0.27493832854243938,0.41666185476682965,0.37014744442543979,0.23201804526627162,0.27755588760336275,0.31841425211376956,0.50692710727481716,0.23519971131207593,0.21575728374236966,0.29759323339134214,0.42816659303875143,0.34341110325102026,0.19877246830088327,0.18823960959385425,0.29229634152068662,0.58983280765623824,0.23594033739783982,0.19162068449231578,0.256182568315866,0.46450878000561374,0.36397977553351668,0.17644712000985319,0.16441528613731413,0.27188449213067001,0.63568649523000287,0.22716385504805217,0.16324441576540774,0.22374121390661186,0.4505795556266825,0.40941309240008505,0.17232490855307969,0.15934826602619931,0.26732509095266799,0.6038254715873792,0.22687666070248261,0.15526819731312069,0.21742534299309044,0.46730100892859511,0.34387142221469774,0.21875451562828474,0.24210193427681054,0.3355877324053031,0.52535938144620431,0.2474921181525982,0.24208557352229701,0.28747366804000291,0.42914453212742987,0.36736525026967864,0.19669612986190771,0.19871356045758265,0.29479893381118372,0.59041480805581625,0.23917982367920565,0.21559775085593696,0.23442980628172971,0.43900287239470648,0.40348789929173878,0.19118270382655636,0.18231492881781683,0.2717973532838206,0.58173475154217835,0.2334226221241138,0.20057320625083441,0.22005743402466402,0.46041046760541493
3944409745,0.28763771151993039,0.36760171749947479,0.33268625887457282,0.33719012489140426,0.34630159861503279,0.36185158637233583,0.33992066154209416,0.33076064787369031,0.28626224611082118,0.2743425993012833,0.39042045393511637,0.33002089858188544,0.37131896153722077,0.34282702331667569,0.36349750125830715,0.3288930558621368,0.30551460276699566,0.27266414453073839,0.32497716134164234,0.40536100674632841,0.37358431838410855,0.30659587866700311,0.34244029408980375,0.34495326711019603,0.3167579441933937,0.2870662649025309,0.27839760099114008,0.32608320771440263,0.33705328390451816,0.32113519481271247,0.31879064326704015,0.38446985779434312,0.37334386967941097,0.34545137463048964,0.312768387726163,0.26635688811647174,0.30921994757045229,0.33638472848572215,0.30712116889755314,0.35858134696660537,0.38914279478178038,0.34361024653107419,0.34765918172345478,0.30444273510893821,0.29201345899526432,0.34847913852408297,0.35771351892452724,0.32482425708678275,0.28291636584109875,0.35466237486455604,0.34533490010805529,0.38675511090079923,0.28367428643126769,0.29993101330831579,0.35322593423010118,0.32380705664202908,0.3091465049778766,0.30107455553897094,0.42900652180774329,0.37070825528406698,0.33437003683597444,0.29035265444445912,0.25803809050055015,0.33950718130025442,0.2994738793238596,0.29136548152834757,0.2926103790801628,0.47276710336549843,0.33258171630175049,0.34330096934833737,0.28064649898968758,0.30626484179319224,0.40431897402463868,0.28119144179507105,0.26590131777853332,0.24757477670273678,0.46363249264450412,0.33177571608707734,0.35597667100019431,0.24857274281625072,0.33454850654094415
3944410843,0.35878958585744075,0.36925101544859912,0.27741159125518072,0.32016624698258928,0.35755920909594846,0.39456682879133581,0.29895290030504984,0.28446718831191831,0.31880102317638775,0.37578874832803216,0.39812002672948488,0.26376607120735562,0.29440572993194547,0.34739916132061999,0.42507972994696591,0.30331193339679235,0.27180749468396626,0.27709126368081721,0.37711860220717686,0.41460466944713842,0.26395221951260367,0.29619186332657632,0.33116118925065191,0.41988825228615373,0.30942748774549378,0.27604623893205926,0.26563761178876011,0.35001428684093283,0.31506318041654879,0.23638382111892922,0.32054781374091063,0.44278007544460246,0.35459691778956565,0.27162986502441561,0.25467382695484847,0.39895143551667595,0.37180146230643513,0.33893676482896529,0.22078232397534775,0.29904009043308,0.43782913006773488,0.38431864205975391,0.26235888840583105,0.24594544966376156,0.37416466422768629,0.39217390739123753,0.36297966300797363,0.2096794882350628,0.27682658775434743,0.42920373048111915,0.38939970558051434,0.27187700795713415,0.23868193915094998,0.35652879146082139,0.34045417077344792,0.32545036361562396,0.22629589541285214,0.28931500765109225,0.47096578619464202,0.34753916957249115,0.30918367082578091,0.22287070575226706,0.39421039781748191,0.36375867130275452,0.327136550572594,0.2054786896216968,0.28011688899645515,0.47373671128078904,0.3563196114233238,0.27837881120800784,0.23038894136953247,0.39750515009827309,0.38286561072456848,0.34340330380354511,0.19598576460518205,0.24606676097123584,0.47639220479910288,0.36195259443092637,0.28430387208389918,0.22004855726824687,0.38641884876048366
3944414851,0.4033795169989477,0.22636126248455551,0.27363141424924081,0.28959241756471854,0.54014933683199062,0.28364905330812484,0.22088709526909941,0.2514599391197429,0.37824106620694414,0.4429188634963554,0.2100460798106735,0.24133516094425181,0.26168512702503421,0.55452263629831522,0.27700418880956568,0.19347722901148134,0.23788013790177395,0.39336327222409767,0.44276725284104018,0.20136573094409665,0.21978525199533086,0.27212049030158281,0.55799102805638201,0.27037868810478627,0.17753479090298654,0.2491504471957999,0.40373344190719207,0.48165381650633504,0.13805723505248804,0.13317793101917935,0.26101341064942274,0.63191945103103608,0.24730720583251756,0.11931547787017481,0.17007818334946329,0.39929888918326295,0.5427223130645934,0.14378919175320842,0.12185762710586781,0.19274653955363102,0.63717306525846318,0.26208259573242421,0.11712055947893027,0.14399000823536304,0.35163827609162862,0.57313233894557225,0.12991756809489774,0.11041935703703173,0.17191819608853653,0.65566077213762752,0.2414700079255529,0.10184421244023903,0.13391831476767388,0.31046296675597518,0.45375052713635372,0.14804302940727176,0.18686721991605171,0.27942521102236917,0.60645695127582722,0.22434059289818331,0.1834344574590836,0.22881289295126925,0.39379388095896634,0.49360264586689001,0.16735458153755733,0.19971291715137368,0.24639291218373613,0.59240313542596568,0.25154616309311223,0.18617221654124227,0.23307847784476465,0.35291856456462367,0.5291882802084179,0.16622043875533393,0.21079622990875499,0.2160911128190626,0.60473289319062817,0.24832324368384193,0.17285488068438257,0.22923908534125564,0.30233162650905077
3944415507,0.34303559965874997,0.15575746968228196,0.21088265223561131,0.29448234757885716,0.65173830763211849,0.19061574196480516,0.15978406703845571,0.20002199592989017,0.44747945635611358,0.3818214294808932,0.13532840811408564,0.17378487009715821,0.24670758386673211,0.69515781947090838,0.16278312463901246,0.12722671789298221,0.16808289810770374,0.4366366070390974,0.34521083311175621,0.13090532324546547,0.1822529623886659,0.28571789436079875,0.66829240382511534,0.16454357256557381,0.13498813550136901,0.18421060380602156,0.47222634260535079,0.36286436662198007,0.15386128545466118,0.22962402944779295,0.2377366714456558,0.68576528423508132,0.1797691391112716,0.17520745481364033,0.220283703564601,0.39191410088876583,0.39682599542614316,0.12752726157308858,0.16752082021215395,0.19262528473690757,0.73476006058129684,0.15073402312174264,0.12316155993346806,0.17110029112275257,0.39250604549620682,0.37673177349920545,0.13752216519298718,0.18658242845930256,0.23637100711085382,0.69715408048749672,0.17338701933708575,0.1297427765406029,0.19320811970480564,0.42216952051101847,0.30381701855867826,0.24199968123834303,0.36291101272535087,0.32908059222714997,0.4536937046338379,0.26134671979691931,0.3034649665070791,0.35819200410385771,0.33852669779938754,0.35051920261600666,0.21994382440451546,0.30426579801383097,0.29693455445214695,0.54039763458593182,0.23587565651960463,0.24369846046088339,0.33192229737126488,0.36164193735303723,0.33495014988886762,0.23434164793854062,0.31044265445388469,0.3128528882524883,0.512601686544645,0.23521654075013265,0.25921425549926858,0.33398414132294807,0.3765847139108961
3944416479,0.28107365557767772,0.32110737062822642,0.32092931680698922,0.41440107072246524,0.31632252061702132,0.29913072917756106,0.29631394629001434,0.35584663568020469,0.37308961241752597,0.27723566004711397,0.31949906318282095,0.32527129438616842,0.41081567173305922,0.30557716932660794,0.28885569564475677,0.31370835714000161,0.37303108966185161,0.3634689058208575,0.2945864973103855,0.30734530865771492,0.31610837695538346,0.39528736077372573,0.33066678603854738,0.29213079777363005,0.29217900391946239,0.37651272917373479,0.37519288809438089,0.23400714911187939,0.17765268987584679,0.26157652146200872,0.48684132369278471,0.38197671020434915,0.1829777875120365,0.23323920410419111,0.36055667252012558,0.49442359744010428,0.25693459990353867,0.19454883837732043,0.28563234487949124,0.46122602922842293,0.3745722677293169,0.19862610585764415,0.24760840673706289,0.38802436716890693,0.45846538577031609,0.28641989873853607,0.21695310295439582,0.30150807400178081,0.40648435933715821,0.39356894127159708,0.22444075173700465,0.26196614248936934,0.38329437556473644,0.44039449754555221,0.22620997535530893,0.20114000632449344,0.25573053967246384,0.4564195838480164,0.40057361329575697,0.18940159906379639,0.28391472930413625,0.34292664188997923,0.49001667581028141,0.25847369726536618,0.22928191762758676,0.29842948049639084,0.42746846902227931,0.37996859560432694,0.20229029780935509,0.28971654401996161,0.36895752877342713,0.45107521196318584,0.27390170025699717,0.26072709930313526,0.35627398806541904,0.37222481039299016,0.37066619087962172,0.21817697839954159,0.32451698023425024,0.38723322829659002,0.38892323162658765
3944418229,0.23548810299867176,0.21650616517338706,0.30665618143830042,0.4758691175149744,0.37208676619114883,0.19562400497492366,0.23732461969301816,0.34114206762589533,0.47724499717658148,0.2156610588700113,0.17193786447984211,0.25531319210404529,0.51172421042791294,0.37219165330169185,0.16470037241757032,0.1980627694474873,0.31388946045069538,0.54173136821004408,0.20890996242070797,0.14910528549624327,0.22292283732799145,0.52612637899198278,0.38409731149969589,0.15411844655726006,0.17985851484559603,0.29813376943094311,0.56134178415506941,0.27280838737742469,0.20882718709090872,0.2851586664127212,0.43584694812490576,0.41445008522519911,0.21460640755256696,0.25293721651717771,0.3543254673981211,0.45093257538902032,0.26891824909482548,0.17297071319393684,0.24513430090845512,0.45139774878930183,0.4324465870223449,0.19609607267549811,0.21398660342240197,0.32891568810787308,0.5044539825777703,0.2707360385933934,0.15916874941638368,0.22357242343511891,0.45945186905441893,0.44184972619602575,0.19335477546212845,0.19618772904204682,0.30886566362257661,0.52324159800109238,0.29661450783746207,0.2572496287120461,0.31656808838463468,0.38696872506150981,0.40476511348510968,0.24584653992890906,0.29940565224263416,0.36456198532046119,0.38608003087921267,0.33432351391663068,0.21385685525692794,0.2687660615725263,0.39935510283688014,0.4386146342002829,0.24436453986667037,0.24772432055166971,0.34021808820063021,0.42609952993415612,0.35383181065497044,0.19449132417307161,0.23985758075841238,0.39815130332846538,0.46471091408407367,0.2442159830181061,0.22621124443872981,0.30923463593477146,0.44556118746963636
3944433203,0.29935125427544934,0.27842042155338875,0.3457070740787585,0.33888384242538916,0.44745480364335366,0.25552976695432833,0.30855087119478763,0.30650669078943704,0.37928083879350882,0.32340707523378376,0.25921421133327283,0.31617021390912886,0.30163174562199901,0.5343569238618805,0.22456332102731155,0.28178235483239195,0.26166677027305557,0.39170614061779818,0.34477761009262353,0.26708285800114256,0.35162211711642571,0.27790760147593924,0.503064769237483,0.21722634933300636,0.30516490124783546,0.26792389127422173,0.37914917612140547,0.30450433321245468,0.27573681134978145,0.30659210166335382,0.33028033015327768,0.49334011364460939,0.24594302371643065,0.27923764732437356,0.27506547794375946,0.4131045290079936,0.32319761353085191,0.24735558874105146,0.27078893566091594,0.29688533910149834,0.56848993869636411,0.23107386737363064,0.27897472941413493,0.24092676386242282,0.40055259736668059,0.36233391798142511,0.24353964198215405,0.27336396385503353,0.26823232425866533,0.54442347026353399,0.22485807264459165,0.29566584672517365,0.23613674119028727,0.41543856104497906,0.28463977001760121,0.25761694059776463,0.28394864898778616,0.30991522453017895,0.49795979744607172,0.25868694405670017,0.31174765935362142,0.29380095265499523,0.42136788268786329,0.30369235117316645,0.24341640257296654,0.26480269920979121,0.28613068461639146,0.53447950257871968,0.26814349957338002,0.32550125759550869,0.26690768078944088,0.40220402711510345,0.3476384887632753,0.21978946435716321,0.24683675532919139,0.23370109395534688,0.55609262972416973,0.24248035460360268,0.33225598830096653,0.22332097225777683,0.4324273698100089
3944435023,0.32897802166701684,0.31935269002535904,0.31336287244063171,0.30133557893942298,0.46754243083377173,0.28506971315555918,0.30531585146831253,0.26024840146391204,0.37413927193273339,0.3332613486228358,0.33112150596680578,0.33389856743568025,0.30937865658201241,0.44213325272608905,0.31583441579069726,0.31154469219025582,0.26602071210945788,0.33019942399438179,0.37014411048515433,0.32701039386711084,0.33258986389266287,0.28003162168539586,0.43926177496792312,0.31425701164031994,0.32428485242295962,0.24107902022437847,0.33471725798828017,0.34262157809623206,0.25379711558213253,0.24036250061764899,0.26896044662716695,0.55150391195986304,0.26576911635872497,0.28066413108642652,0.2344657902090895,0.42373014956255833,0.36023420513030746,0.27718647823525505,0.25531458006982249,0.26600972948262974,0.54487046711397025,0.28212248317476207,0.27729935869023625,0.22422745742457764,0.39217651157614641,0.40235717326955489,0.27713906985175252,0.24920883943675051,0.2425580648144515,0.54950544689805869,0.26789363343476186,0.28969364062146624,0.19861839390755018,0.37850792407404088,0.33692633714020931,0.28612603489058713,0.26124018614355665,0.25802560606244623,0.53820774257579784,0.26872212360797576,0.31228883921854383,0.23486666728722352,0.39398353145655934,0.37084986997475328,0.26865051167349319,0.23124432307575754,0.24650441717252405,0.567209140986356,0.26591163680971991,0.28059279793592556,0.2264264655284233,0.39194693848111722,0.41312441659802995,0.27161668916714038,0.21930688650552702,0.21949444448595373,0.5751811752948458,0.26169330314305184,0.28037863459039164,0.19180733046581111,0.38021079016273551
3944435885,0.39784384339773371,0.34374972300039647,0.31929610941400383,0.25351111442154378,0.43480613504227067,0.33492756960755449,0.32690441740278547,0.24104636902831725,0.30188705178588504,0.42264030524818158,0.38025066592563311,0.32836912117098455,0.22333750548304709,0.37715753323425061,0.34319633764598062,0.36340431938041834,0.22952788145091627,0.27258278122248342,0.33787207350414517,0.39480114088736262,0.37395962627066442,0.23737750097959209,0.35611567174535752,0.33888565903409285,0.40151427365967868,0.25415286173040247,0.2575099227704139,0.37763819140804694,0.35602433242284665,0.30537115474672671,0.2376963270023246,0.40489920994564316,0.36973507157111252,0.35478379737131321,0.24885547923463694,0.30403451727160252,0.41198037735925108,0.36430405142236272,0.30291441147298764,0.21155707223850148,0.39788642937782032,0.37154846835581606,0.36094741390333251,0.22544924045739714,0.28908287001082644,0.37422089363972116,0.37394949259713012,0.3257689855769007,0.22088391682060146,0.39091306304986356,0.36185350767809626,0.38163505686634641,0.24095014282214508,0.27884059603233302,0.37679056847072195,0.35276558896372612,0.28373848476816377,0.23876385835393121,0.39871356145087572,0.38813936407060662,0.35973338351716111,0.25508773919683331,0.30326069190898342,0.41037781720988065,0.34673058510995042,0.28759425346312706,0.21169667045686683,0.41134954452313183,0.38437481391422107,0.35783905310315761,0.2315953977834585,0.29189780594956471,0.38611102373649614,0.35402736340906493,0.30009868549943858,0.21834162312007585,0.4146771862299673,0.37100360086335143,0.37066895191160854,0.23977706270588126,0.28872347564053191
3944438441,0.42166084501402601,0.25837253973091295,0.27611876216608428,0.28297892999220553,0.54934122239413274,0.27335231748228378,0.2387852607772892,0.21408372880886231,0.34609183891666523,0.46065711665241776,0.25319383491205832,0.2613669558113127,0.25851947089005184,0.55816644200802312,0.2792630417135108,0.22800073423543141,0.20351524903392956,0.324965271664232,0.48323791447208231,0.25616832537386314,0.25063774657390692,0.24212232083167598,0.55158554216460398,0.29238226647520482,0.21960955757492395,0.19289627529145173,0.3228699923808378,0.40462429697532593,0.24728184844695672,0.23881681139957373,0.28710518037796046,0.5506207724051877,0.27990812992025316,0.22037066422886883,0.21841138593625886,0.39732786947780752,0.4690094950689162,0.23584976850268602,0.21263113158511721,0.25260226160225296,0.57254578073991225,0.27806929056565055,0.20202929424204624,0.19173512104208479,0.36424671122704788,0.49174111261722225,0.24398395922212116,0.20858058715256719,0.24061962658860322,0.56096433756589748,0.28968194178626872,0.2004117532894148,0.1843137223803962,0.35288211913530215,0.39964736333556378,0.21814497242824446,0.20392564566453436,0.26965727887446495,0.56860045519706592,0.28304715207315023,0.23018985430613098,0.21753565871288227,0.41792669541907324,0.47634325598197857,0.20928797606044794,0.18101291999429198,0.23128647620474019,0.58484487468495605,0.29143693937538978,0.21306196610842743,0.1858865643667873,0.36892856142468072,0.49765718444982138,0.21210015201740776,0.17395373822615326,0.22257271526677441,0.57663853279337907,0.29527794981796657,0.21149574716129674,0.17688948458260328,0.36308527306686483
3945201862,0.24628824154257847,0.34163722944775232,0.38142751823727666,0.35675859466216941,0.35047157927738354,0.28754603954418501,0.34075673099834675,0.3564536820412203,0.31808019549755162,0.2903975912091275,0.35444020559177553,0.36739164096328036,0.33546922626701747,0.36192495989287626,0.30545489701080036,0.35174657703599244,0.30817438688670401,0.31549271971733001,0.30970769940949094,0.40481765724882024,0.34543001516852129,0.32161201068712081,0.3186767418698645,0.35488066425097003,0.33805193541176076,0.30066976472760859,0.29201203921031066,0.28687643914243688,0.28828091288551094,0.31921190458241816,0.39408196122838413,0.39475268970515603,0.28591380178158243,0.28371902657300552,0.34653134303106203,0.37315189493781564,0.34175188017679908,0.31919598819509004,0.31369582209496361,0.34749705661902336,0.39453946256576733,0.32338461565166637,0.2968349488340733,0.30603347404889319,0.34663210769872832,0.36437413705509847,0.3610435582922028,0.29311984418110498,0.31385640268468623,0.36256824751842798,0.38420590659035786,0.28817443069990656,0.29427308194936447,0.32209141638170535,0.33787504920045858,0.22832561281408381,0.29851223093703222,0.31978954541469101,0.49246216999624182,0.24338461989282328,0.30262665212182988,0.29719313989796819,0.40083816815667062,0.40744042017718163,0.24804610563814744,0.29255391513059226,0.28387210938984753,0.49361812033376007,0.27299533508175344,0.30486291938434434,0.27010519111409681,0.34958652888845448,0.42175779415015657,0.28167259189572302,0.29110106362586924,0.27021020564928599,0.45870927259684718,0.319139789699252,0.30674427233044083,0.26870778211122071,0.32629311615125317
3945219566,0.32011022356559116,0.28551236270277591,0.32562819888578565,0.34661376351034345,0.43625038728479482,0.27826559772102033,0.29683372722455548,0.30493564083987801,0.37549316422248752,0.35372592825475579,0.25837994357887495,0.30904626759045306,0.30056335049751159,0.50802312399111771,0.27335081546106998,0.26782689833309281,0.24897979927869399,0.39463839095096881,0.36193587920892051,0.2595735646993873,0.32418751939076923,0.29738509778775191,0.49434734094404276,0.26811995024439217,0.29659972241544846,0.24978895879310456,0.37610502850177036,0.34415766181095586,0.24500230421569327,0.25779654262444696,0.29878866178699487,0.53588616937042832,0.25874230777889595,0.26719713044062138,0.25757631473138726,0.41705417290419267,0.35766971220143395,0.23462104898178857,0.24255059973640575,0.26564303302466735,0.56970677632176714,0.27654905469486785,0.26038987032739536,0.22280452886433952,0.41126434302333958,0.36640950427022839,0.23137117505977478,0.25411448881628601,0.25529952818878426,0.55771740831190109,0.25507613176021465,0.28255586933527604,0.22145741169664976,0.42126673946210846,0.34783820016852551,0.25006588742741115,0.25786301421325541,0.26478434621580438,0.56496208797895819,0.25668753581273474,0.26509948216072932,0.21828734629438531,0.42056362916140039,0.35774163867510295,0.2237773092708624,0.24093389324674322,0.25835200792543889,0.60596846387302283,0.25222346411530361,0.24660266108385936,0.2189140492975972,0.39698742154556388,0.38106449540202919,0.20885789446569036,0.23222025463303275,0.23047148770761955,0.60334551656081925,0.22832294220808375,0.2496258799252043,0.20272832685673153,0.4295996080047354
4012848937,0.39730915283053198,0.2308675546417778,0.222284828259006,0.33225914945117779,0.51836282867076167,0.28868271643546928,0.17492757673468939,0.26556841454942387,0.41937446149341578,0.40661528813874892,0.21205222040850005,0.22522878280581093,0.3033607100680128,0.54707215277986887,0.26256911664922272,0.16847213704427075,0.24603847621052535,0.4356533638096135,0.40148907317201221,0.21323367420572839,0.23677865396750367,0.31628992661320787,0.52710294820211157,0.26647001533437709,0.17016297683861473,0.25315099993504758,0.44198394894597925,0.39905567328975161,0.21064094481130649,0.24721662505911662,0.27442548233037811,0.57802534584460785,0.23509919301097534,0.21932599150223106,0.23618297191112819,0.40827481765525908,0.40800514935344512,0.19451763311324044,0.24614343376176337,0.25201004732179216,0.59289311977030457,0.21869750054013676,0.21139327791862916,0.21962802230134518,0.42346733954822868,0.41395729883009758,0.17891905553955517,0.23040505541850062,0.25229168524438639,0.60001619401723738,0.21629192303740069,0.18570620838051621,0.20997716572874789,0.44103389447478186,0.32282872455747819,0.26793305093544345,0.38195832618449083,0.25071324674319728,0.47005186156918483,0.22881959977396424,0.36877088527810226,0.32015469929289031,0.32163025635558534,0.3507969637887085,0.2573898033827699,0.3485355369301037,0.23318503378202407,0.49683466390850889,0.22190486413559385,0.35879839864511415,0.29270437391985316,0.35262031461637977,0.38708309215585279,0.22871767893224251,0.28524615564331562,0.22048372937915131,0.56026262458729181,0.21427925206594495,0.30789507589292187,0.25480653337295506,0.38515047405605113
4012849041,0.40003821233880427,0.34344399019015842,0.26738842195334706,0.32417240941439085,0.32088922401474834,0.48333187811932965,0.19461901460682668,0.30134750455159459,0.28313397078017355,0.44473720677605943,0.31742441758105738,0.24942140602890409,0.30414923363244778,0.37233535837890669,0.44901608909242485,0.1948880034503126,0.27085410489182599,0.30844837516542267,0.5015981042088089,0.30034467320869457,0.20898033955947515,0.26449559863708033,0.41450361493128857,0.45629980231941186,0.17146466973550109,0.22674284161832067,0.28935530944043647,0.42886636934909989,0.31799449151441667,0.20139526605460445,0.33350740429068765,0.38032120493546123,0.44730572347474301,0.19176372596537553,0.29446543915117329,0.30814937474713305,0.45697620045177723,0.28754852866435987,0.20495242701824809,0.32718091308128849,0.4206449950766375,0.39821788361162064,0.18984032111276589,0.28012187867880489,0.33076944621309123,0.50503323199615713,0.27507235892088883,0.19161477185082926,0.27377067441022973,0.46353951920842174,0.40229500750008557,0.17698538783009315,0.23440037751124204,0.30762394866799031,0.37789537509594551,0.23602063934583756,0.20700442322390381,0.40334375401537337,0.4374308642069627,0.31954661294870029,0.19225116755200111,0.32109370376526675,0.40303205883509857,0.39905367060209751,0.23307684930389738,0.21263227974174737,0.37366561527041847,0.45718205920433808,0.30542882004146826,0.19469545598133287,0.3008011680448216,0.41340415666427005,0.43463736498776484,0.23917676421961023,0.22099946467739154,0.32030789979156665,0.48479088776321755,0.3237247593286075,0.19346602212592329,0.26651616569247388,0.39264108099971889
4012849131,0.4347957050843968,0.27408180630256157,0.20027245250436496,0.32202583878667967,0.47868118285358868,0.37019300559834062,0.17093609838991788,0.25771087045984553,0.36084563233214401,0.47609084620751119,0.23598377295657222,0.18138405405939617,0.26876405360763905,0.53621789461839076,0.33387467826584089,0.15059154006753742,0.21138830622037386,0.38229582999478173,0.48275010663926776,0.23396957713008554,0.17414673609690445,0.26427604530924981,0.53366462849338692,0.34955751092272142,0.14412342131703187,0.19379985751507883,0.38304479118522633,0.37599851996009237,0.25197240092531409,0.22573032329300946,0.2897459519746669,0.55086046194355642,0.28835408020041331,0.21121993495478492,0.25364377369509844,0.40581247337870463,0.39388561127998811,0.22158105366371988,0.22223060584248794,0.25300741581008312,0.58172799129501052,0.26047037620216457,0.19699590065973613,0.22450043949751977,0.43231545105674174,0.40048290445234558,0.20093348558294863,0.20251580156378085,0.25336646792328454,0.59788547217533772,0.25600672523772527,0.17542595278014372,0.20537406544647105,0.44505358829559027,0.31172709250565422,0.30102276568259179,0.33921047040863922,0.22565684864299143,0.48395808998608147,0.26530713007305584,0.38582840872296315,0.28909361888868973,0.33043115315862348,0.33086362039157002,0.28109050963705379,0.31653713618162999,0.20802870941383272,0.51619954478640206,0.24888048748797043,0.36600816938809633,0.26836563132373953,0.36559554885316731,0.3461837006144729,0.24882652697350299,0.26890105826108152,0.20474334778822242,0.57317430608913955,0.23034140047017698,0.32575034462150004,0.24073988807007535,0.39794426606489064
4012849233,0.42146326788253796,0.24646928367150331,0.20518362668431067,0.29731543745929578,0.52718059692994745,0.3192252643308916,0.18683126399162744,0.22373280994081915,0.40784600239539071,0.39996824151298677,0.2332558346584335,0.21644200817147033,0.32713097822871662,0.52559943757969174,0.28154871914789947,0.18951086744928336,0.25368203533417688,0.41947812278215663,0.38231868218376414,0.20864454413457476,0.2167924099228303,0.35017644897804889,0.52991051838805769,0.25295781597844441,0.17582403000994395,0.25725716234677087,0.44585784954409052,0.38212444467224688,0.19795721947592174,0.21780236483200213,0.2980078552279613,0.57505781124376143,0.23509823151617884,0.19505848474643087,0.24947453083239138,0.43851939997142553,0.38134062549154335,0.19404268135110153,0.2210017178190376,0.30180037410540361,0.57185475232249749,0.23020901428917975,0.19161506756523627,0.25455116656744287,0.44212537584018141,0.36987172851818256,0.19247751637363583,0.2281302928330789,0.31504804281648374,0.56128307717517489,0.22895010301665958,0.19532910425654207,0.26208871491100411,0.44782563691556365,0.31553775330990691,0.27186760183529735,0.3596911588487694,0.283576830603118,0.45458808349799296,0.26190983701626913,0.35004326537596303,0.33009158023832808,0.33165122964289662,0.32994326350585934,0.26165807718033135,0.34548273977635457,0.27644352047151216,0.4766537898424118,0.25238799486844304,0.33492600324467298,0.3131400314066648,0.35463007219495113,0.32774423103038869,0.26363492913167969,0.34105706813401276,0.27300296066163987,0.47913849284216459,0.25447868522537009,0.34722626868949386,0.30257946100657407,0.35464950795971562
4012849323,0.46861761453360662,0.1996276135102748,0.15050388960925909,0.25682481073109525,0.62209666943178277,0.26376476353805711,0.14010738500701009,0.17373273152118598,0.38150579121839018,0.46080684035682073,0.18510693795922609,0.16728206988889222,0.26412628801199489,0.62527002856559533,0.23317207141047855,0.14877328880785512,0.19107501759230636,0.38945024813272816,0.43108890200946742,0.15604381302381023,0.16261989678646963,0.25161121565851091,0.66781625367685715,0.18986415164823081,0.13670229383622917,0.18936437550600396,0.40433390632658545,0.44903187308903408,0.23003765917415633,0.21192185999332866,0.22195084992539951,0.59417462495492057,0.24410503582419946,0.28359067555095135,0.17677200954505645,0.35633862451228754,0.43935691483971639,0.22573524850498033,0.23627199011568181,0.21687935471085687,0.58169749181118191,0.24323265529040969,0.3044671712556184,0.18501426393201836,0.35872460620867841,0.4108033874706542,0.21216023933826417,0.2456529419391649,0.2101943216967869,0.61034562932280956,0.23388079408919923,0.30608742760991497,0.180499795519656,0.35806405744526865,0.40037928295176084,0.32764524051656113,0.32311161870666733,0.19009707502556095,0.47820999967958849,0.26534275567321358,0.40745432416252525,0.24244911551154855,0.26060471185998407,0.37211412068836758,0.31800921004972954,0.35065982277720437,0.19380602811467115,0.46176904429599186,0.25525715775491747,0.43573923795300462,0.24014471618255645,0.27194316673298913,0.34110673168756001,0.30302734360768446,0.36308330896862351,0.19791305330017173,0.4682718777738476,0.24967071420124884,0.4562847166693268,0.23107909032457669,0.27859331782656416
4012849691,0.33324401061759179,0.33622427860344128,0.28520495508004123,0.32172092860186513,0.39125528357302458,0.42323760652119413,0.23734666294919943,0.30089744565353482,0.33462206831094338,0.33811265884412917,0.30566791819990591,0.29313075236445657,0.34219016605505109,0.40428040995234427,0.36573523195244306,0.25863685625667299,0.30829078667071125,0.36067439473986623,0.27894164933974236,0.31934935831300926,0.38764821985843523,0.36147295494159032,0.35918471655208312,0.31044177388279159,0.32335773377628185,0.33961851682455552,0.30656960648836579,0.33140899524529699,0.266830696730531,0.3008584330259419,0.36310400704859425,0.40997622378766618,0.31087444356552302,0.29886039305396878,0.33686689626823835,0.35928937888088619,0.35200385818095203,0.29287452669521002,0.29711803314659913,0.34216739158252912,0.39240295595149638,0.33213624928495855,0.31136111752922596,0.33041984301829347,0.33844132837923419,0.35491669406852472,0.3286701200625351,0.32627884289574416,0.35440473921999671,0.33940312293583536,0.33007044203888397,0.32381405662824897,0.33596724233291042,0.3034451517705346,0.31260233913565694,0.27390943125202266,0.33485330646821365,0.37271130249787587,0.38024057021384305,0.28304609508978706,0.34485477869432174,0.33869099543301578,0.34333444928493223,0.32053750189904223,0.29921046000534463,0.33574370533495312,0.36088587832849306,0.35542335259084734,0.29561727944245286,0.35457262031397213,0.34181778448615713,0.32937799227582815,0.33808322375980715,0.30296168683187313,0.33105065728332522,0.3660460881083587,0.3308266770735917,0.30312680933772312,0.35064610644928296,0.35681155738821863,0.31421382505777418
4012849801,0.41187634076574769,0.35538708287871823,0.2383952786489012,0.28426787610825449,0.37323425105745162,0.46963217830991705,0.23083569264972797,0.20915734214077639,0.33094902340451371,0.38149761651552339,0.32008284000830378,0.26051186831389628,0.35465674735467911,0.36925110574391795,0.39393605177587981,0.24317302649683753,0.27157004122850542,0.36598263548813553,0.34590680171560739,0.27492104825375546,0.27863636649578216,0.40335600313638609,0.38437899923323254,0.30565119702713223,0.26365949124937449,0.30184412709889019,0.40328218902674778,0.42930785983954561,0.19620269058360942,0.10925769879469695,0.39117221379943307,0.46574996641484051,0.3548391073428363,0.10869055433574781,0.20908446649120405,0.46247436182281776,0.42870628423994445,0.22287924346782031,0.15081311503833805,0.37559360347253373,0.45481557022632085,0.35009574695269391,0.15056126939784348,0.23553552727874674,0.44175862998956428,0.41550441312166275,0.23721756010754591,0.18391594530504179,0.36591216852505842,0.45740667926115197,0.33911716029651701,0.18300192239424137,0.25029803877209822,0.427793149702414,0.29484524786513305,0.17882017630063662,0.23700456027457392,0.5113795933655868,0.3501792901093107,0.24200335670575748,0.24076343044578569,0.38416876655422455,0.42031599124234337,0.34419107596021731,0.24449042991848163,0.25104917477056282,0.43375473843103635,0.35567145575160125,0.31422278216485106,0.26613479814277013,0.35466067632460563,0.38566564675860676,0.39212039533505988,0.28744745384116183,0.26065152643592471,0.33427156334074676,0.38647991300379281,0.37967904871553126,0.27782718387900723,0.29700112456442812,0.35357931261413483
4012849897,0.30845365632721977,0.26665249736552021,0.26115078859082608,0.47402725209296137,0.34459365501131278,0.31759959495036272,0.18861214840970117,0.3975007801900754,0.35728910129169661,0.39825062018954327,0.30434053552089985,0.22416274372773817,0.37418518190760819,0.39314548255620191,0.38569866565906097,0.18594998644463925,0.29362981819739886,0.36658843971977545,0.40485945329545259,0.35325518978256853,0.24345391477884123,0.32747293777257724,0.36753572133183204,0.42267612942720917,0.21929202608467424,0.28600497385812934,0.31806570279390395,0.34545677201150088,0.25686170811063236,0.2164533991590265,0.42160817219694557,0.41438599133312598,0.32114418402613287,0.19621264970872251,0.35395643237927299,0.3891558162704904,0.43661852434722415,0.27010601218311797,0.18431967466023871,0.33271359110358412,0.47251615306618933,0.35597900176931135,0.18192205970965658,0.26152548377605184,0.37450118927463816,0.450292259906721,0.30663262656407542,0.19748872826523686,0.29855697058007247,0.45417153636906871,0.39889289021849778,0.19659002298313663,0.25175625643492644,0.32811441120657109,0.39162620307621215,0.21107179586821842,0.1629383602079553,0.36729207722049845,0.5004382346472086,0.31373970793583322,0.17760143073887405,0.28851300521105389,0.42068060275253716,0.49209830472664817,0.20687385684084708,0.13909466006368332,0.27991719430136991,0.54657832754318647,0.34381875497361569,0.16617894096123084,0.21216165627104244,0.35742730864040589,0.51627118577844344,0.23127851370066588,0.14942261727193837,0.24795369316055879,0.5333737275906637,0.37869971015589449,0.17963544450278637,0.19465495910974073,0.31321828888940451
4012849965,0.33676090568136924,0.29664628934611142,0.21169308031675108,0.47604381776084193,0.31385030295131106,0.39535718711849882,0.16816397580523926,0.3152837226363096,0.38035393168165876,0.40495059783169535,0.35173021778025265,0.17876236650007951,0.38127455737686028,0.31073946098960536,0.49224836131961758,0.16727362399396567,0.23462416858374704,0.3362709525489696,0.43108248298248436,0.40700134224930079,0.17714436363214961,0.28527131926296939,0.26778803266606671,0.57562459972926727,0.16979049951776223,0.20358801786360622,0.24985381647945482,0.35113476735601507,0.23547176009980006,0.15115611475326857,0.45119923335607853,0.37332815311604467,0.37930335302561807,0.15017579311718041,0.255985240797864,0.47276033703122272,0.44925809645796771,0.28394696797348079,0.12390606874050979,0.35919389342609626,0.35424063396348399,0.48694837557249698,0.14339698893213185,0.19542166945814798,0.38962909238767335,0.50119381541610997,0.33943900280709205,0.12579700254755585,0.25146250502734979,0.33675228080743874,0.56506126095963849,0.15278909408199928,0.16217420354694564,0.26867513108611218,0.39582975067822668,0.17606077359209316,0.1083774995738893,0.39972209540402642,0.48716496902276241,0.31506053739504336,0.1204208527324111,0.19737791682915004,0.50074533345911332,0.51311235064510197,0.21226098462251797,0.085945233033761365,0.31717321061274412,0.44807024468336182,0.42825777964990858,0.1191727651641119,0.15260760506449378,0.40250794758700287,0.57683008415721426,0.25880420708143559,0.087760393866616188,0.21185152289457965,0.4454812141425723,0.4912621915499808,0.1300008121435843,0.12184144935827612,0.2759834511411261
4012850063,0.44139839579120066,0.14640368580527316,0.12683659666307634,0.20814858426335991,0.69042020949699201,0.19030769948057361,0.12199660131867944,0.13744330798481855,0.42148443147646736,0.45134279858402326,0.14132798298590529,0.1225504793783279,0.17677464036153032,0.70656096521393275,0.18602851940422127,0.12212583496025244,0.11843078442256964,0.40898972133127148,0.45998045635515,0.18516216165342686,0.13621219354367367,0.17682966848095694,0.67302043879262141,0.23924444360331518,0.14705331240125852,0.1277876673721256,0.39517295357357146,0.41544729439896733,0.18436315742686088,0.23918059091587293,0.23315919941143914,0.6164003027144378,0.20297132982748928,0.2527187834703486,0.18731186334794564,0.40217406748753226,0.42397727299483856,0.1767513965730714,0.23564068886705286,0.21657631411120881,0.61973267934368437,0.19855262610602553,0.24771711143725153,0.18012647066559412,0.41142352401260912,0.4335405508025254,0.17541297254797961,0.24232058774013468,0.21350494463077899,0.61374043666810318,0.19374213079510222,0.24937559606833853,0.18418690462284082,0.40821917615888037,0.32793011330573674,0.24681169280049545,0.39561603843537257,0.24758343507072447,0.45009559276905103,0.22169494215955296,0.43161140901201966,0.26319831617913902,0.32625105963490009,0.34287931016830675,0.2526574388651906,0.39528523294644735,0.22652736256409289,0.45198250456714828,0.22598565437934864,0.42437637869512279,0.25681050657240656,0.33110160199949967,0.36325163829377605,0.25975843994607767,0.38209577321789817,0.23747745461529968,0.45031958440566522,0.23347306032536405,0.41064628423805344,0.26447549968805006,0.31985309295430514
4012850149,0.23451520737637058,0.29383933061076917,0.41014287660545218,0.47437802945679697,0.28615908560214626,0.24296738724011427,0.26634040307637913,0.36692258394383737,0.34484746625870111,0.26934452173070683,0.36719185023806594,0.43967351820741274,0.38315337779400738,0.29517698362661293,0.2924171924168234,0.30187788246701502,0.32456038607652565,0.28878600318527836,0.28708585769010547,0.35684214141200365,0.45706102568406248,0.33646808873480516,0.29079335914038662,0.32372034746738071,0.31189836832620671,0.32325176988628185,0.27749210066439839,0.23421895053168504,0.28240079468254892,0.40660632395360524,0.47796874080833651,0.22438366078886224,0.24462081418115988,0.31882947323842625,0.42082055679438157,0.2875393886007977,0.28361884855299568,0.35655133995407046,0.39352681266859085,0.39601199353984695,0.23639986396009022,0.32462460073667671,0.340431421573549,0.37133014690771549,0.25631419974905095,0.30408297409743673,0.36507668331241572,0.39878558823763782,0.33825851928492023,0.25328949687321728,0.34378439733534322,0.36982818153922581,0.34358235180276603,0.25226727811421634,0.22626827383053633,0.27261717786473011,0.35885030718154243,0.4995361986286469,0.21375636589183089,0.25921511262144736,0.32558337581481173,0.42833820399717248,0.30628445558443351,0.28783066884189412,0.3335927074468652,0.33975981580794873,0.42764129711068521,0.2298904499947588,0.34445583182350242,0.32998746738795148,0.38233996897541067,0.2845708549068191,0.31900286971302999,0.36010460729214711,0.35272893373706049,0.35252056668444803,0.25269903237873304,0.36993876101486306,0.36525795983843701,0.33978884001473464,0.26512649861653281
4012850819,0.42850772108954499,0.16365720599375169,0.17133679560626711,0.31435713065061832,0.5823768946974508,0.22758494280272243,0.14069647462883175,0.19905779577602867,0.45939468885236556,0.42635251238740218,0.17425478332403174,0.18943331481560266,0.31950600778830085,0.56620750279211296,0.22989615677995059,0.1578319483956617,0.21561026972227479,0.45282207375996131,0.42010168217284399,0.17312347420328106,0.19536935658694662,0.32855691676031379,0.56558326101529999,0.22033558341988096,0.16629108595577427,0.23774718877884171,0.44137891362860532,0.39987950051012883,0.17133016109606314,0.21080188481994866,0.29238046220098673,0.59406353818676805,0.19894029161731772,0.19818736423836858,0.21794540847846561,0.44894478400669974,0.41603750464416661,0.17812344217886594,0.21878178261995021,0.29402454974300241,0.58328715422068877,0.20251302997837198,0.20699166766336444,0.21745389555600544,0.4353179702797127,0.41751010079092493,0.18131426746875476,0.21908213583119593,0.30014904875177578,0.57788721116095176,0.20222885005837679,0.21364188077158269,0.22644692231145452,0.42772982468148329,0.3366002440540643,0.2536501248528889,0.33267465157972348,0.25116305766444358,0.4974512574251137,0.22785145837121204,0.36879998654076745,0.31536438738203704,0.33728977910590235,0.35050145793178372,0.26718374940342399,0.32123668315930715,0.27165565265593855,0.4747244775903347,0.23269967783389764,0.36116528823980804,0.31626673891403057,0.34466543513548481,0.35516485279643384,0.27405229016262589,0.31723141191242871,0.27418824601741482,0.471613584975063,0.24346039670430938,0.35265031255944862,0.31118944853530445,0.34647485997629945
4013616626,0.41392396405462251,0.22183809970421167,0.20791141408083094,0.29793324622843631,0.60557176344278385,0.23539919493346811,0.18528801644697557,0.21244227520454387,0.38192942937457602,0.4173431049548148,0.21380936753054472,0.23478466704423265,0.31598098645654471,0.55607676353251412,0.21069033390211522,0.2100803545830679,0.24117611757787824,0.41137691457779479,0.36607175424131583,0.22115582421526125,0.24783549100797023,0.34773502196750194,0.55528421223485669,0.20523975498646174,0.24137150136015395,0.26615688161700429,0.39392366733354267,0.39801969532629244,0.15115450146832485,0.23516727344231922,0.19338662358244518,0.66535356297659132,0.18411368931860478,0.18933807362047714,0.19995745760339731,0.41665991147648029,0.38284972593693134,0.15213275429910916,0.25061343077022485,0.18502920284461363,0.6546089922224948,0.17490433391523635,0.21178932802773487,0.23332477952023278,0.41813773034792434,0.35752637770686491,0.14498325408696092,0.26656845577127458,0.16463958635773798,0.67446814983569148,0.15812098813314523,0.22528980053528491,0.24605235673454859,0.40222257383465876,0.3805577797653415,0.13055275881072304,0.23491753849023145,0.1856850584570241,0.67796497304695102,0.15690251949850945,0.20253055722764432,0.20545516030232375,0.4254188474649746,0.34278872395340509,0.17457456711688749,0.30675364010970241,0.21307490829454528,0.61499781588717273,0.1666492460260052,0.27670971580485426,0.25207288430722868,0.40794312555716777,0.32747107647974988,0.15776070532537059,0.31794741765231183,0.19514752382729644,0.63411523298351025,0.14754221511941709,0.27661417472472671,0.24254643584487606,0.41168691025202053
4013616730,0.42169992754265029,0.2096787865241784,0.29061889257289003,0.21624649397151957,0.59717054738571018,0.21356441505813423,0.26787795551046339,0.1825554725495078,0.37373059151759563,0.41834315097286628,0.21816543669521363,0.27988163234885577,0.22366147086118238,0.58406183432028147,0.2192589123067053,0.27282644532254052,0.18770918419995944,0.38750864512187821,0.40015942529886617,0.22000885063771511,0.28561472102982272,0.22369832657126279,0.58648605751510874,0.22145804720238396,0.2778907995985459,0.19487755091908404,0.38941198657455534,0.40609861650304385,0.18544959250723511,0.28414665205684569,0.17854913905941097,0.62950113808128538,0.19345683970982075,0.26865992747325684,0.17048899627725045,0.3913200104163011,0.40112743436499337,0.18885314762055652,0.28469780368618286,0.18410006986267938,0.61951835552062706,0.20097602745561813,0.27465713448141371,0.16974036706162943,0.40005361339618511,0.39012731787894284,0.21266056076970843,0.31056987266329417,0.19043968237523154,0.58942872300113025,0.21836977493996651,0.30369907860713308,0.18394053006565783,0.3855857928781472,0.30151547149244901,0.21780025349631343,0.43011427436020772,0.18419123755153868,0.47159442905014692,0.19725112572456149,0.47555806895246444,0.22828229804178671,0.32116842391633715,0.30160713178438819,0.22661162682130742,0.43145302943002312,0.18677070837885293,0.46377271175946944,0.20498800141555956,0.46697607583909251,0.22768952221058034,0.33110556384932399,0.30005287053326563,0.2597488323480957,0.44264568105223612,0.19891162988984501,0.41332166600954695,0.23260629320214454,0.46956478111907912,0.24684933987789512,0.31722483338827145
4013618206,0.42354010663790276,0.25618858594746247,0.18180966506921828,0.30186491511809227,0.54273848895819399,0.31088474348098805,0.17377491680618509,0.22690733970258684,0.39737254639443986,0.4153131871051467,0.29473955847846584,0.20723102845399377,0.32360182680262328,0.4857037601434287,0.34914111005498422,0.1994451563823286,0.26231745957178065,0.35578675890798539,0.40931958120976425,0.27285005106122462,0.2204436981799435,0.33849772134883405,0.48925227924868803,0.32038729422901702,0.20479828515162643,0.27628084548593557,0.36680366640899903,0.42845724546554115,0.22770103441581738,0.18515378493445572,0.24259106142371045,0.60385098390473224,0.26878756154929717,0.18378672070651056,0.18978349652335921,0.40591399469156425,0.41376863034973077,0.24752467812126489,0.22336318755042225,0.28730416025774719,0.54752119600435556,0.28714688356471829,0.21854818875735715,0.23255315178318847,0.38860670967160155,0.41578492590438187,0.23774193560555379,0.23052987796880431,0.28220209831870047,0.54897726083116338,0.27396474251102043,0.21994304888860583,0.23460557681527039,0.39745712867531574,0.34015491563883649,0.25826463606866878,0.30575375345219657,0.25796178038558765,0.51473164752555511,0.23494125410243591,0.36050573669164898,0.26564304386898158,0.36998335306277286,0.33358091378064936,0.27541342972041627,0.32706023792694322,0.27679187256739912,0.45767066314085769,0.25645324055117769,0.37597459604418548,0.28004572786348414,0.36643669389108796,0.33374234674382708,0.2894903297617199,0.33854575625871031,0.28056741230136945,0.42775164692944267,0.26190798955285793,0.37651707164139619,0.29161623211364657,0.36483924323647637
4438249053,0.27033837297145891,0.2270386035601285,0.40892672725053658,0.32074683123488151,0.44558685990404612,0.24206454089007789,0.32306036294966123,0.34314434919034725,0.35498179989204487,0.27500959495900146,0.21817147564052447,0.41419866053693338,0.30491413564102171,0.44398290154263087,0.23457167070639168,0.33011250610745263,0.36100798657779476,0.34755147140308595,0.29636717572990712,0.20363400311316734,0.38621750315666431,0.24484548420404489,0.50317255451285048,0.23179335111883873,0.30708924811865562,0.30919692001659527,0.40591757307563714,0.29046723393227714,0.23343725619334721,0.41588663178374369,0.24507104120615403,0.47083460543153077,0.22815386117502676,0.35971923364706215,0.303415497697548,0.36457648544138582,0.29483927500264612,0.23261923871764295,0.40838603661725359,0.2455533972966582,0.46655154626843787,0.2333396381637359,0.36676317491038113,0.31115621496665452,0.35837313489691586,0.30616678290430799,0.24329817520515767,0.39149597674508047,0.21814814427694315,0.46829998354823454,0.24252450229045125,0.38740999142430294,0.29782390814146736,0.35958529183069832,0.29711209336090694,0.24430886823564857,0.47659865052965528,0.21075898529249679,0.47505648114079413,0.21158403666932982,0.35612848883388748,0.26384941495920583,0.33701848985829552,0.30640022806616674,0.24778241693461509,0.47387058007402499,0.21347648203195732,0.46588002392382233,0.21764918371571026,0.35918450716447509,0.26323010774158145,0.33448207521498718,0.32447881162042203,0.27281925205576879,0.46494897506009975,0.21131900828641736,0.42673768228101577,0.23650060485627886,0.39036477299060968,0.26397187528467736,0.31519275706629513
4438250977,0.40633558896554561,0.27227975149859662,0.22298550453527044,0.31861870055337754,0.52252295165485085,0.304299959148987,0.22649195210620018,0.24415385353473823,0.36465913684850626,0.41853682330542291,0.28242018134157432,0.22667622075312288,0.31168496309846483,0.49910713030366277,0.31524493264250897,0.23014972195740285,0.24869058906719735,0.36501085482546303,0.42580439181745011,0.30132314865775456,0.24081496598696323,0.298893578254531,0.46182850522999697,0.33211461661639358,0.24318220374383032,0.25601907761363019,0.36372613952970528,0.40721965037665731,0.23926486980927456,0.25154400344457556,0.27448041998342776,0.52193726488960124,0.28897711141979054,0.28537568710514222,0.24346698348241955,0.37638921172843742,0.40141665617149391,0.26265481555526965,0.25589347756059927,0.28137107087491608,0.49391009715198453,0.30334980141269091,0.29415121936674238,0.25952595666768058,0.36793884822343398,0.39902509736022201,0.27964128327696974,0.26078706434646859,0.28761575301813797,0.46142354480125269,0.31545534891623767,0.29221137304986011,0.27924842127046468,0.36885777792293517,0.3380975617885833,0.30146402600233585,0.36784913353694115,0.30496701929659176,0.39395332509346492,0.29434695393362742,0.36322046004106873,0.29392902992817499,0.32608106479959897,0.33455322888450384,0.32146533414420281,0.36598584678266538,0.30149108139106351,0.37264218812893346,0.31059460494296481,0.36478386623135106,0.29931281385329456,0.31922562583126968,0.34587790088395781,0.3385245811592153,0.34425933039148587,0.30637486007591996,0.3569103253641302,0.32960429934495927,0.34204490194960435,0.31093636795736995,0.32200839903459383
4438251523,0.35267046771837046,0.29766404058217044,0.3007372879804413,0.33066472386587303,0.43363608194187803,0.29742559200260604,0.29749368882535587,0.29041093834743509,0.37134126244394883,0.35988904906111313,0.29524450722802081,0.29371766455693371,0.33810335368101074,0.41852352756086492,0.32212191612149005,0.27796992010305499,0.29041312184000745,0.37708761525718754,0.36116987435477799,0.31633345485773784,0.30677588995031002,0.33226380804412425,0.39258197115658278,0.32211336946273994,0.30119175299065454,0.29382996703529457,0.36062255226987411,0.36976304857392406,0.28737454814256347,0.2813772873782393,0.3042456726502154,0.46641779460235866,0.29648950278942299,0.30103135402557729,0.26687910955208088,0.37637298536147779,0.37042616371326248,0.27709442793760558,0.28486078109497665,0.32056296223488451,0.45195831258557051,0.30415429596368015,0.28276707718701072,0.27949031529471052,0.38372990887107838,0.37015084255879921,0.28849163257693861,0.29917204507306056,0.31724818439598967,0.43343180235086176,0.30019745284235744,0.29690941876459354,0.28811406244580434,0.37478533658401092,0.36669272283989307,0.28368277137463205,0.28330013225719702,0.30679042163277526,0.45099108852004594,0.31164988167827706,0.30280312219750039,0.28534408620317148,0.37020481858331367,0.3674088057096368,0.27843987680059945,0.28840354850135685,0.317731861718279,0.43778150026040225,0.31242452302914192,0.2974502408031523,0.29604920923145212,0.37144090890947279,0.36618997775285367,0.28485222860756493,0.29825080851933666,0.31240737206733804,0.42768424883926387,0.30753316476604914,0.30963000138920344,0.30257591015139124,0.36510108982646072
4438252285,0.37793677098316075,0.30555456934208114,0.31602064622586745,0.28661021898867672,0.44317600755869441,0.30502231557678239,0.31508483754221372,0.26420569565142898,0.35108264971790243,0.37051663971881493,0.30787204442159732,0.3136644469915022,0.29450410754801998,0.43224122975644158,0.3106228362238988,0.31558196807803657,0.26906576216277089,0.35708088896320483,0.37487968711225284,0.31359103373214298,0.31031301367186559,0.30115370394379681,0.42078882496751568,0.31657368326096452,0.30604375090681185,0.28126650654052554,0.35225330732154581,0.33393348711863036,0.34158681983959521,0.39180724859299171,0.27729245842155842,0.36570851018079836,0.29404631228728717,0.38247641058831644,0.3081768143956492,0.28272906407072756,0.33785810157539387,0.35612371781805058,0.36053117149202141,0.28671293338040621,0.36446180908227271,0.31186226321476362,0.36462267716908597,0.30050817699892735,0.30577018819577972,0.34708466955548478,0.35701627924791507,0.33361709639686693,0.29884003382902408,0.37149271265129802,0.32037407867576018,0.34381857091619383,0.3024157978157313,0.31804551653425855,0.2924323660928112,0.35476156869855013,0.41544807829156172,0.29993434847030587,0.31544216977200501,0.29346677230276491,0.39291882243581794,0.33938884653986551,0.26622040454671203,0.31143780646030506,0.36825145786615066,0.374893247247227,0.30309493322531544,0.32461372762648744,0.31459385686830699,0.37152905934983294,0.32365428861175977,0.29640604739206838,0.32942971851083286,0.36498394525489219,0.34801664504861302,0.30953817088279773,0.32721324150838293,0.32902681431088426,0.35785256890235589,0.32192191960994548,0.30710579181822878
4438252755,0.38682254301424701,0.36375685131719354,0.23773888872078516,0.23190649970637972,0.44316081524522744,0.46679236442352939,0.22224753046881807,0.2144698070064836,0.31316285833502966,0.38326019157146785,0.34593710043089915,0.25256173492891631,0.25278187749164432,0.44197988017108619,0.43339471009892105,0.21931076008459524,0.23768796967066141,0.34348662218222131,0.39566045404907291,0.27408015733712121,0.26616787320483792,0.27232402150395713,0.48833619252326793,0.35951994230548101,0.22197562892053366,0.25902446573900623,0.37314001781259543,0.36872512857079265,0.31385856172072435,0.27470170196746113,0.28267205450255722,0.43189892331818963,0.38416118351219619,0.30165488358545617,0.27165629789085322,0.33355771085850222,0.37500237250792862,0.30067984685996074,0.27880097313074609,0.283014647250312,0.43105411570350183,0.37052580874478558,0.29662026695817756,0.27503211327359739,0.35272410159453554,0.381051382762223,0.26466872095363358,0.27853426852707325,0.2838368474091249,0.46922175929226706,0.3363973914774232,0.28655601944363163,0.27554730761761681,0.36773994760837186,0.31899348927897414,0.30064389255068852,0.36200344346689228,0.31251127958872482,0.38094073416094543,0.29607177065868245,0.386194724571224,0.31331215355976494,0.31474018940188103,0.33609566914203748,0.29551417776935607,0.3596066375316645,0.29979120323229114,0.37632206471022428,0.30317435540320087,0.38221893631527282,0.3115408742642089,0.32223801331879925,0.33190535881087962,0.293978904158819,0.3549480256524743,0.29990332531032443,0.38950925175177403,0.30918210296410992,0.37248600661562298,0.31032777152001934,0.3242297544484174
4438253273,0.18504626976116828,0.23556124846714002,0.57258235228899967,0.20081620141218942,0.29455129905958771,0.25029290434109597,0.48006801039705627,0.33545087664165935,0.22291580278466352,0.20882794887431216,0.22351864122652812,0.55694364140301655,0.19534714934412975,0.30379548639442111,0.24325045167888038,0.48280111491808436,0.34175794673390231,0.23817147188044696,0.2135234980187351,0.22233276939722846,0.55942058865571542,0.19562774468067251,0.25827075028855229,0.24626174985942684,0.49320873837957679,0.34894462176938768,0.24776676753107663,0.25092742813454777,0.291352578240402,0.43797169805014957,0.24589556004861668,0.3037626822340278,0.28785720286394134,0.49227427452100764,0.33644153178273351,0.26306814070880707,0.27048379073838574,0.29566650915852927,0.40552250933594675,0.25658728015646376,0.31055560094979684,0.29568658305388024,0.47982754243745779,0.34459588420622977,0.27618498601591346,0.27336269197973528,0.30098364766768648,0.39388170398546846,0.25344495936815081,0.29623235433186362,0.2985352435342512,0.48661022277132115,0.3521449681017112,0.2786252536382971,0.28041552669039504,0.32243213026001183,0.46135982859396019,0.28126058086436245,0.31861254047562926,0.28498402394117339,0.41598724913230201,0.31425222127393737,0.26629782839249327,0.29930694973081123,0.33522192030813736,0.43770191336238995,0.28814761055263971,0.31891321384951704,0.29597086454013921,0.3950797095702302,0.31753706129429632,0.27786224876589261,0.30302021005556928,0.34546350397537012,0.43154671345814843,0.28228933052523952,0.30762647071356342,0.30134785611695819,0.39858448593871354,0.31900192913631314,0.27719571865143999
4438256039,0.31321839999465206,0.31320872736024974,0.39809870359767185,0.22287193018192272,0.40074135210406975,0.40602899099966777,0.3270656531287664,0.28062192075404896,0.29063079202714509,0.32250364456581554,0.29078563684676806,0.4057618278081237,0.2148522747728672,0.41669849901587036,0.4011631238568597,0.32907739429117111,0.27446499698685151,0.28712101218013225,0.34169419146044744,0.26656232850409123,0.42041709869333677,0.22971397937999691,0.40262752889204084,0.36580888833456016,0.33989815238918719,0.28975102288050958,0.29539644153030054,0.37463840769428752,0.29835445767296714,0.24199320235004187,0.25205170399203697,0.48745747636287667,0.35533340376822381,0.29025882659378027,0.26912066605290108,0.35775292588142321,0.38374622806932041,0.28985583785047186,0.24621452441800429,0.25341564761414692,0.47553723644385537,0.35507652819665042,0.29782651245076125,0.27911871961961737,0.35363601708167974,0.40872683664701975,0.27416520718353871,0.25644365146410225,0.25614179110124302,0.465715214453921,0.3382514408435402,0.30938599158974045,0.28260839453019776,0.34570498825145018,0.33749505674549224,0.25018950136625373,0.37014246487047692,0.26745462908728274,0.45316714479044296,0.27253552428348188,0.3429967577617537,0.29631729158745557,0.36038600627315071,0.35678113240967246,0.2551679178951245,0.37606332383270902,0.26353710857170159,0.44538508047623976,0.27462615296888621,0.32888106117397131,0.29354212413681047,0.35861397538419393,0.36524081632462979,0.26688646396605437,0.40455405346519058,0.2495428583164272,0.41813179538971773,0.27670230401334489,0.34660770889716108,0.29634925506776988,0.33177850359062538
4439026192,0.29657246033811746,0.28390368888883899,0.45519399840797564,0.3040902137123262,0.33006036911795128,0.31302270736378757,0.34680843605583928,0.33270217967616067,0.3064002787757521,0.33085023604937785,0.2949912446831276,0.43220250207108313,0.27810686178536731,0.32453869929639734,0.36494850190210365,0.32757774572055337,0.31843854520491977,0.30356676804986654,0.34901240363056618,0.29202429777241362,0.444456149153169,0.24765051465026458,0.31329033277291468,0.38857245926914474,0.34221348120874778,0.30103446796543848,0.27779288547181219,0.29106644470264587,0.30537210609191401,0.43501483667896601,0.31657863871450431,0.30087641843421586,0.30281018810044835,0.3807589230447827,0.3396577269085716,0.30000482227430136,0.32274269567504665,0.31436119829934916,0.41370952404529115,0.30103890266505084,0.30538982524979408,0.33574966170901088,0.3638626827565421,0.33039218287063482,0.29612221021901614,0.32381630706546233,0.32873699224574737,0.40799394183343962,0.29235228433479454,0.28661575842951781,0.35024937599288331,0.38182756593271733,0.32957731993416628,0.2755165131259199,0.33720745072893965,0.28225408878734182,0.34404514853521773,0.31822625117026199,0.39185613608590003,0.29799756047891623,0.34806589034382623,0.3219267598498699,0.34619108195167236,0.3665950834874897,0.28782081073273746,0.34198501989647773,0.29937255636554089,0.3879615451437291,0.32178120704170537,0.34383215584455262,0.30993435447785767,0.32840885330739755,0.37194865729487431,0.30586041302246542,0.34613680474817543,0.28881355964878069,0.37419703894266521,0.33648504743296564,0.35309621889846282,0.31070545742953254,0.30069786263303805
4439026700,0.28526748372909594,0.1895623963494022,0.43058245467814948,0.2004095141848182,0.52733951023884584,0.25347899827656012,0.23577927805890281,0.3689576423750105,0.3508035660951157,0.31068577183966883,0.2094520107334529,0.42603297260284079,0.20250735806624906,0.49376507044405948,0.28661438280952073,0.24874225656280965,0.3483254824524985,0.35768108647090163,0.32589707221315106,0.2113229695096758,0.43488154617276403,0.21398250934403928,0.45190133362790952,0.28888596453506477,0.25244930593573456,0.3897305839424432,0.33306562505512632,0.32708656847713152,0.21246944985195437,0.33733966194997672,0.23947808313510618,0.50668772398461415,0.2218187590905214,0.32665929456394927,0.37396571608231538,0.35246366013478092,0.33536094867375021,0.2173267034972631,0.36165951670747315,0.24077143162049375,0.48111886135489046,0.22577244404815303,0.34056730066454205,0.35872461619632584,0.3527260162343972,0.34772533725091803,0.22173682771616285,0.37691616084311558,0.24399778487641605,0.46472549527020152,0.22283839859503102,0.34042261928593054,0.37945744815908955,0.32065072861131477,0.31022754822865523,0.26639279119010195,0.4876413524760449,0.21205327499590845,0.40428128133780705,0.22084764690328859,0.41633952939973101,0.29783204611375086,0.27526984368543739,0.31898940114977975,0.27015277128302301,0.48508285991237488,0.20965068749220364,0.40122501109733388,0.22727737295353612,0.41787953308637849,0.29693332867963335,0.26565996479405191,0.33647630327635514,0.27580641145220158,0.47074815508917867,0.20817304896395994,0.39742437090131794,0.23599982515860879,0.4216554000330181,0.2928913834431352,0.26182814207962724
4439026950,0.27506061553796152,0.40487312113080332,0.35815294234357281,0.35429730228313344,0.26001890970055719,0.35748517331143942,0.33013274597319736,0.36901283496779574,0.25701305768613664,0.30760982294461331,0.45307298443770444,0.31144118669628446,0.3166077464536764,0.24965550180755247,0.4294297531544416,0.31709642725834936,0.3161693578122613,0.23582618957325785,0.30891428508023661,0.47939706915264263,0.30567271516944677,0.28062956685506613,0.23103846417111545,0.44166933405805575,0.34557288280762455,0.29582258121180771,0.21720832117142241,0.31430464791419294,0.37511338537157041,0.30498922165767278,0.3505794974969369,0.30049127424964389,0.37884856201745004,0.30982095786297892,0.35484087778299006,0.29808690980786479,0.33473437129264605,0.40395178253606429,0.27387906719377714,0.32782734415984238,0.29787252590658636,0.42017032888466055,0.29474988800501167,0.3197224577759894,0.29652022762734226,0.33222910665552552,0.40672333782945036,0.27897379121205129,0.3279473466829454,0.28646541143037818,0.41979901662274072,0.30178146801227868,0.31965597542276469,0.29542927685470827,0.31122039423105308,0.4129216126602801,0.30731955702292968,0.3230674774374207,0.28385741282772042,0.41023823179416358,0.31961401471315687,0.32891878709471023,0.27314569407447092,0.31407903328065823,0.40684455050741419,0.29110700777614384,0.33536894294302438,0.28535438353937675,0.41372583688467618,0.30423432863409072,0.32762055292977521,0.29347282746122028,0.30145015836415412,0.38508818257560423,0.317105794153969,0.36082880246661148,0.27812813471736114,0.37243414315792467,0.31367164806576259,0.34745954691536618,0.30805987447964533
4439033482,0.31624991405779718,0.31505113119187839,0.4066553564913396,0.29956950063855869,0.33928279815995044,0.33330081753750773,0.35528638278705144,0.32780098578147143,0.29280394037909802,0.3093793430858886,0.30060697649083873,0.42118112124891166,0.31112693787386603,0.33155677093849389,0.30382310313108485,0.34969869466481329,0.35373321736417129,0.30011932688568188,0.29255506299035655,0.28369416424932148,0.45455242150989134,0.31703812543157017,0.29433412241786444,0.2925454905567203,0.35470152867265053,0.39056864906907512,0.27608981029941321,0.31821573224116334,0.30908749628867377,0.31760800591570887,0.37315010505958651,0.3458827634067928,0.32393323062243135,0.30803832172754791,0.36711039533583389,0.32994322925938346,0.3256269701721165,0.32333027524292263,0.30921309408035497,0.36349619529758653,0.3405594275933293,0.33675159631275031,0.30602131719117437,0.35653597775943108,0.33396566233824032,0.29817125261491839,0.30686624888680597,0.32937101733839863,0.40626859045853608,0.29116580865851199,0.32318807855926857,0.30297996395800281,0.41046611703685559,0.3063987736497561,0.26743539789494319,0.30013947436296273,0.35164066584774484,0.39577381106534459,0.31596323101506263,0.28159788678849135,0.3163472951799034,0.42017027235717258,0.31993393285529542,0.29054867837700021,0.32898352685979376,0.34368887182795382,0.36625184721070175,0.31547926960602057,0.30585173781575259,0.33840498248585826,0.38566084369018538,0.31426765917897653,0.27084706824626464,0.30751223924381565,0.35357518281876255,0.4064962834930988,0.27974085614116939,0.2853884098535589,0.32793778762940212,0.43293451232926633,0.29520579593933594
4439034280,0.27348607243784223,0.34875137864801559,0.44942610954746587,0.28273013478820791,0.28355147374967132,0.2939315583082055,0.42241978171894939,0.33200930412578744,0.25727772886058881,0.281484922034058,0.35960948086265626,0.43436193697653847,0.28922042576039447,0.27755561392593892,0.30071475299687883,0.41688507866991142,0.3280386355220174,0.2650651017359853,0.28682441113852042,0.35009260245540619,0.42743752646716271,0.28765164378271035,0.28376585470589805,0.30362117916779685,0.41285390900026514,0.32945454443267014,0.27932612481778846,0.2773566576821444,0.35698229520088726,0.39050029541225906,0.31797911398485124,0.26634008669962506,0.32506537252981776,0.40482597140695531,0.3595458784141084,0.26883801361356485,0.28556044920371748,0.36546396278805343,0.37715458138822178,0.31524909303992316,0.26586677129812725,0.33475632965080676,0.40488161310148135,0.35055438194960531,0.27147617032264265,0.29569880361786666,0.36442991382641221,0.37526107959264521,0.31153113087437473,0.27317877713719696,0.33543913962707222,0.39857527385351293,0.34385131675410979,0.27863683951528129,0.28634210496721069,0.36032460860894189,0.36502164412617849,0.33243445878065581,0.276669442261749,0.33893823652190191,0.37433546617939856,0.36792882242556285,0.27838306568057347,0.2921207560587003,0.36660044541596926,0.35711799697126922,0.32647596903779352,0.27652678384358903,0.34824672713093352,0.37424567585159491,0.35874793740637906,0.28221799291220695,0.30434452255083977,0.37788435498059519,0.35347587244657608,0.31472629092411319,0.27707963842306677,0.35479083011407175,0.3807260668603244,0.34271246341444239,0.27482023135738809
4439035296,0.31089706691091373,0.22327795909990278,0.41607699380335039,0.24111781788822595,0.53217650515534165,0.24551489818345315,0.26967397422462025,0.25457754806919614,0.37577770297772228,0.30694348294676049,0.20984830014098815,0.4350823469932194,0.2210835456047093,0.52880693730992923,0.23175478249458414,0.28339619028394691,0.28618167082443052,0.35779094552047663,0.30980663303663819,0.18347676441127106,0.40079341963657145,0.18873979627568538,0.55460630430698798,0.22659464014899022,0.2816664818541002,0.27332556544178915,0.401399877861434,0.32330137270679621,0.23658695753616574,0.3677894045610367,0.19593969007842366,0.50312732769885138,0.22317260064520997,0.41499403846315036,0.27107872589294796,0.34233691197785499,0.33466149688567198,0.23961907890497883,0.34001197257062926,0.19254831617447624,0.50802633829265242,0.23374762471875926,0.41965766950653521,0.28674722373807865,0.32685795328109535,0.35030453301403985,0.23253130521350113,0.31650008584187694,0.18906010470813453,0.52419059084693209,0.23404338696344895,0.40334349764278637,0.28823527022775952,0.33463748886857925,0.27865463153123277,0.22685912263076036,0.4780656889916331,0.1882901106903998,0.45167611523698964,0.18548711663309661,0.4415756181118512,0.27571991481460328,0.3121846695324757,0.29873567612513474,0.24495266415230346,0.46362624298366334,0.18823189373348409,0.44572422151058327,0.20164133831823991,0.44438715646219928,0.27278204661908012,0.29858889849706377,0.31626002428632721,0.25879296352946218,0.46780177254944316,0.1997222115933189,0.42832054490109567,0.20888264954788424,0.43992327256605573,0.27434485853107105,0.27998264615644752
4439035736,0.32710023881313027,0.26138523165377253,0.34852541316182917,0.33089252072015168,0.45204984341118715,0.32991566532869487,0.25694799646363276,0.27298343383852036,0.37414931165707088,0.33624035660832757,0.24916941380321297,0.35780339733738409,0.31116879497679101,0.44088137105122882,0.35332582419841058,0.24499404553588183,0.26046262719902574,0.39106179127735097,0.3477994633140819,0.23243873408881796,0.34786102516724532,0.27098784965092071,0.4608673757156253,0.38754486182640968,0.21542638783925908,0.22696168009807222,0.41237864044760913,0.33008449996720318,0.30832703536498934,0.33981955967482486,0.31301821762980853,0.39578981906772026,0.33497247262896451,0.32377309447813268,0.30550945918412664,0.33985250751956586,0.35331367503048988,0.30253697170868765,0.31977921647066831,0.30166190419884842,0.40114007108965388,0.3526466355596457,0.30603984281636881,0.29766607751367374,0.35049062497899247,0.36765461281118689,0.29717822518665932,0.3093962783898942,0.26957423846248962,0.43021967057483607,0.37398089494297193,0.30476211108748402,0.27134664079547249,0.34155413875647639,0.34801874137260652,0.30988281366184461,0.32622144930754848,0.27888620503579659,0.41966678632736837,0.33252273089730205,0.33885962611065501,0.30168436585683439,0.32577101808264408,0.37875907930169739,0.3065334829580722,0.30815429617896761,0.26792342259729385,0.43232071575544062,0.33777489192060028,0.3259889041622524,0.29083165064179151,0.32247767191977944,0.39240845071253222,0.30464312886057732,0.3043161843055277,0.24546771038066051,0.45381430638221665,0.34901849462065798,0.32708693552614099,0.27042866405974819,0.30408315361268212
4439035966,0.31358431016948035,0.14792514166650453,0.31924219463260511,0.30697048618246675,0.56605181846937391,0.14956769270672682,0.21462395836719114,0.34344549865197949,0.42051534042817873,0.32088256409613325,0.15502348002545202,0.351811401504598,0.30652655392335265,0.53621623074312241,0.14793299822437717,0.23703493632943673,0.36489746836018344,0.39563184391585637,0.32525768913072289,0.15072929786723174,0.35573674049522486,0.32195501341393107,0.52497917922952808,0.14989027419809903,0.23455605804537069,0.3859896711042074,0.37310808083148089,0.31178857286513068,0.23574596728762129,0.40127960151926834,0.25889153811899596,0.48460262046932373,0.19695874711980516,0.32746158071511072,0.32134733326016501,0.36746961688662966,0.3092547872063473,0.23338261629474982,0.41893505171180373,0.25241016050914961,0.46392320716601121,0.1914799206822308,0.35375634042449888,0.32588837628840123,0.35698804558802677,0.31659148672622861,0.22800767256064824,0.41893004386484384,0.25054114830846286,0.46072367684204357,0.20116138078002402,0.35674931283173295,0.32651800041907447,0.35056067170006217,0.21322720513649424,0.29277662937208826,0.52916844374219307,0.27236976761969695,0.26791828298940906,0.21984382324315846,0.40547081630595672,0.42039938842189239,0.23099288963212933,0.2181572774682945,0.29336014413889949,0.52308577196476791,0.27046235480783676,0.27010396346167481,0.21895489788308106,0.41637305057291307,0.4076084909635635,0.24324885241440614,0.22432439235139465,0.29074583862399522,0.52890572253573076,0.26176270248687666,0.26489259816126937,0.2177217626002487,0.41176389380489392,0.4107184818815211,0.24713235899190197
5134015125,0.32724988648429187,0.10206706757720321,0.14310225782345729,0.22708811523457334,0.70196610225172318,0.14988334716179216,0.09775238667473557,0.16210437455216506,0.50930124923174269,0.38632743611151316,0.1282099001172724,0.17604000796739985,0.2320285540835299,0.67028086831581923,0.19081853760097151,0.1234346454886712,0.1684998962617856,0.46922222921315337,0.43316577783357246,0.1247168324637416,0.17343430899390833,0.22501953719715884,0.65862530107077866,0.21037146344949834,0.117190547606021,0.16053188881365052,0.44559208156967345,0.35277821088194761,0.11002420663684657,0.1507620134418832,0.24182482897383334,0.6734672420076524,0.17219529216511131,0.119779272414526,0.17960110773813956,0.50241495895372446,0.41619919196376132,0.13289938252021793,0.16216568265679379,0.2400115732423507,0.64902134770302655,0.2086863654330342,0.13951640901308557,0.18311169980086228,0.45545502694614215,0.44995906356985105,0.13753212804940954,0.1642831441333614,0.23608436460441928,0.63987154556434045,0.22382993432893616,0.14100509912061948,0.18503685545758328,0.42689630710659543,0.396949953306929,0.15870978071935066,0.23245372965981406,0.2681494944853286,0.60363786350349713,0.20519582563299563,0.23970074678047937,0.2208180814895718,0.42261326694512441,0.45427529282450657,0.16012405971683044,0.21550164485755519,0.23877338581308397,0.61628067267863129,0.21641920166326092,0.22585593047853939,0.20106886265124441,0.38270330420279336,0.47390064358493489,0.16447493994900556,0.21299022672532866,0.23582747981123195,0.60981495312255563,0.2222952520381247,0.22020169805173848,0.20881296619746681,0.36606779396606787
5134037025,0.33800692108362085,0.26309579439760516,0.25429615967891173,0.50579995794693211,0.33755406932889787,0.28696226530912544,0.21955153561519283,0.35888363424189951,0.35034459286678571,0.44378307234194991,0.27466526681183734,0.2365523245340759,0.38847263383441916,0.40238580964826343,0.35403063310906618,0.21423901461927999,0.27840247174329358,0.33179698285366011,0.38615059270015589,0.35551664808446443,0.285565382147841,0.33635022875685638,0.3535087668549205,0.40334576303575909,0.27398435583268266,0.27976569401023343,0.29803357331371805,0.38736817355441883,0.22704499730201344,0.17820307022651585,0.44373901738785071,0.43040663744427454,0.3095788271210852,0.17813797796257314,0.27371680494494011,0.42660619934029803,0.46763516205770173,0.24106550776840405,0.168403295316433,0.35190144095015335,0.46542125415202945,0.35811463957789591,0.16926670838557883,0.21830545158833856,0.38709034669297571,0.41893154327446286,0.30956010665155387,0.20658197224884803,0.3501723520911007,0.41812976899981025,0.38273534705352924,0.20860978873311042,0.24085288256815951,0.37486676247604506,0.39678182992910904,0.19375129728893578,0.15890525448392209,0.33590035668438789,0.52547133291215964,0.30283423131262399,0.19091891198687092,0.22194011918475709,0.46196160924307866,0.44804652034381987,0.20330399334371274,0.15597968970421933,0.29909917266353198,0.53609517017618447,0.31960984057605979,0.17840317536245545,0.21089520134458131,0.42223079623999643,0.42088831421241174,0.24022209487397525,0.18572841979811205,0.30738556406217821,0.5097651514569016,0.31543966089442804,0.2156817476021006,0.2376312913586984,0.41691184745510068
5134039337,0.38834226979732855,0.2419400207718353,0.2619121728289201,0.263150134759712,0.58707969507104396,0.22463055146003755,0.22334731721424697,0.24509031726280836,0.38436252016954298,0.40396184100770233,0.25851186717736674,0.26157727561134053,0.25520510994874573,0.57572186557810501,0.25550277076189054,0.23121358053771832,0.23424273393609321,0.36244635635413347,0.36676648167314047,0.32041071099308222,0.31303403223059301,0.27957046719888762,0.46388213140195067,0.32821412604862282,0.30155783429239613,0.27640642270770743,0.31051652450778677,0.40329442648665403,0.18683021415727563,0.17243223210299335,0.22092365429040764,0.65559320231059059,0.20919048815887578,0.1853858132877641,0.19320538067977153,0.4226684008422254,0.4108780326946313,0.20775024628745975,0.18637064986861282,0.22005553452595564,0.645141427393089,0.24617563838358408,0.20173423637719753,0.19587782529922193,0.38598683837185671,0.39227593436208041,0.27796625133679037,0.242386492070302,0.26407909279042435,0.53701197571277748,0.3262373989259682,0.26182264404436334,0.24872036079312765,0.33932237778416918,0.38283201949771783,0.22816796741597289,0.3333647432613443,0.20585425912840347,0.56305377212805319,0.20642235632720979,0.34513768270410222,0.22102996760497803,0.34678085539375514,0.40035268900428733,0.24101473702629558,0.30962564099669732,0.20906007020501632,0.56470579121272646,0.23144446039676025,0.33243750643664105,0.22481707300164802,0.3294523490737773,0.37347934461992743,0.28620115695343801,0.32685825237794291,0.25352334016661715,0.48414040250714557,0.29379466221623834,0.3433533646285602,0.26748768407651646,0.31199869579518602
5134058047,0.30236612020786086,0.33738071812624704,0.3245836151796197,0.37731482731058069,0.32590414262676198,0.35177667996867346,0.30021728704089751,0.34816127278800874,0.32514756215876101,0.30790347739890422,0.33690084723638219,0.31944182161247314,0.37996894313025881,0.3134163882762715,0.3628095714938171,0.29565527076046083,0.34909807727074726,0.32577854393796085,0.31127802144677202,0.34416423011459929,0.32187479793556473,0.37760217758527564,0.30501742856361352,0.36099323002134454,0.30408881572690244,0.35336885447351946,0.31269614646005284,0.31688083449533627,0.32851263322890095,0.31148453867452386,0.36479750775520858,0.35152919623843687,0.3435102117491553,0.3099277543588399,0.34101689278070874,0.32809505490294449,0.32745743693487528,0.32626578481186547,0.30929055075686035,0.36030640010140158,0.34889589396332638,0.35839339050991659,0.29873969255276106,0.33597902780533934,0.32945323163365292,0.33049733206624599,0.32371459987879642,0.31044285596925414,0.36112182184151775,0.34164414348966554,0.35245228739960915,0.30675318342222274,0.35006542889754605,0.31876319097260714,0.33468064825594279,0.29351364282654857,0.31269640771243984,0.32470958028818858,0.43005247422110016,0.28207358853938025,0.34482868118136084,0.3121213152022696,0.34319974957703075,0.33979509520068218,0.29175841706159822,0.31591632415618903,0.30668983018224544,0.44319537172720508,0.29322130922797518,0.32972508051004318,0.3016458528179618,0.35134713866731415,0.35893926761376949,0.28672897472330672,0.30677209029581409,0.29920939178396577,0.45044283680689967,0.29399357157705092,0.32465784069171144,0.3027329038206088,0.34486637996378444
5134074777,0.33556254278443909,0.17874712526851094,0.19216396682557957,0.35441104002788565,0.5575324203807277,0.22865595862307894,0.16389545241998599,0.20458297016570651,0.51095126655731493,0.37535296087874814,0.19175077286761008,0.19056290710185994,0.3217236148338064,0.57199733701431354,0.25041767291434652,0.1650855150982401,0.20443312050700493,0.47284815579248202,0.41325592695282432,0.2169458505010492,0.1867238444476842,0.27213268235269106,0.56493139973139306,0.25450902091824201,0.17851175227879351,0.19219498063811313,0.46957890088562559,0.34973563629787108,0.14851923569665587,0.15289285497875749,0.29550803407673304,0.59458191025592444,0.23803138600577239,0.15487892377731424,0.20599000890353195,0.51799597569189371,0.37268903524464664,0.16231308091159513,0.16722273001539353,0.28660485488185811,0.59187334182823792,0.25493657837014588,0.16462890746978107,0.21601559440674631,0.48536524299008549,0.3972049374721569,0.16789399574486316,0.17214332992531992,0.26121192355874673,0.57838077106582997,0.25645499890566342,0.18309390718777802,0.2163930509661415,0.48531640987771124,0.35941764463613107,0.2272298684482531,0.23616369961732642,0.30635047764670115,0.51760023410238643,0.28548794644938263,0.24000650365568002,0.26979333137737782,0.43561069494989535,0.38390076767384773,0.24595154867758162,0.24167899278274457,0.29925162460134797,0.4933041377089375,0.31117401446003373,0.24432445663217262,0.27230623505197327,0.41248560091765513,0.37486340457204675,0.26232174949061321,0.25652100354120466,0.30736093193131825,0.47294500643852616,0.31668304176922618,0.25535567434006712,0.2879776152871722,0.39785445910053913
5134077951,0.30479812067917872,0.29650335788151649,0.28197450195954638,0.42757095536185213,0.36441315130790003,0.31229968733423041,0.2300345296888493,0.35000770628236944,0.3887261155258806,0.300967143301337,0.28969232819191171,0.24971767671480796,0.4469478220742823,0.36852792498606651,0.31139791981374815,0.20909383092606715,0.34767163798885375,0.40742920440436842,0.30049594290494946,0.33471799150021714,0.25228169959116814,0.4249277167074787,0.34892547386829637,0.3455339532431026,0.21542951404970459,0.33275090699961407,0.39392979586193139,0.34642247165561585,0.31288537626749641,0.24321644662825365,0.37146694059467589,0.37884852434319188,0.37429458613539951,0.24309989008754268,0.30036298923799643,0.38988992306688497,0.34408646150121797,0.30364531387582483,0.22670397640161563,0.39156503114514057,0.36577474620939465,0.38138451729314565,0.22603346008048392,0.30352401220138436,0.40276902592513841,0.37560587789113103,0.29437026205165723,0.22306275399003281,0.38257260083318873,0.36876406577822213,0.39086283758312534,0.21466520742789985,0.30668013650588805,0.38373562008917084,0.34415536606825986,0.2969535658970428,0.24442563977201395,0.32490215662726296,0.39839964341608503,0.38315205696181637,0.28336915170192462,0.30165834352768306,0.38890453584988932,0.35897758914959244,0.28030172329089037,0.22506162232440766,0.3428481717058986,0.38153259265584705,0.39373644362669041,0.25571603319308539,0.31156103774876576,0.40163657561785021,0.41836192856752824,0.24645721868877996,0.2187827291434688,0.32776412409025724,0.4003878372856462,0.39462425664700995,0.24645288061252729,0.3113063792558598,0.36776012573084149
5134127925,0.34189145009495314,0.30103004475333378,0.34880809423691839,0.34461775146689938,0.41562843546661371,0.29694339755070559,0.28451933630411341,0.29668705293399394,0.34952226109875617,0.35439079119378392,0.30921953054099921,0.34826745526459102,0.33053237617100512,0.39875421571965619,0.31224006514952973,0.3009722152789821,0.28839184355013858,0.34350494298323209,0.34535615049308527,0.33878064864680618,0.36349420699933022,0.33352493015241241,0.36135396101832518,0.31482113979606152,0.31102630014726146,0.29618857318293612,0.32929591405828246,0.3587089909458594,0.27993374738856064,0.23857975595954845,0.35087367067876052,0.48552610372471328,0.30046102476198261,0.23207832685367724,0.27836243100072006,0.39442855942600136,0.37594388828653352,0.29640692944131147,0.24189899136200554,0.34767848212843605,0.46189732282827328,0.30262961066071514,0.24164076772521992,0.27267019654896257,0.39209761963282996,0.36099514393589471,0.31850533315549623,0.26608139370716116,0.36229374481472326,0.41665845206245411,0.30751409173300981,0.25617485408914842,0.29330631046166372,0.38256691570368018,0.34433250605324411,0.25265423587049396,0.21684520530198051,0.36388977748319717,0.46602627949410164,0.31186234106777339,0.27982556640516065,0.30174613642493942,0.39290156481422267,0.38060658936758895,0.25329755572600743,0.21300216529140517,0.34061048758409168,0.47227515633329609,0.30251580131575989,0.27470387233640764,0.28662296169046036,0.39676057652438779,0.35413117793669396,0.27434515954328353,0.24247220586245391,0.36392703615471839,0.41365080693200706,0.30883169113362646,0.29813447878039379,0.32425910774026334,0.38415885603091504
5134618198,0.32526818214407777,0.13570775787877967,0.20006896305772801,0.26337755948722208,0.65165484175752986,0.19602339945513433,0.12027375218959034,0.20568942808662696,0.4965234624480302,0.38344325553787006,0.16058012394336754,0.22572741727123671,0.25245060829043287,0.61706896043319814,0.23723260377708907,0.13996311537384934,0.20381523320893577,0.46294423465707235,0.41350893478432982,0.14230825893743559,0.2187256957205134,0.24211758269930961,0.62320774397174561,0.23666760222196967,0.13251077118666721,0.18565872189608554,0.45372804377626041,0.33887133231007055,0.12418262426218747,0.18346069573697954,0.26734333419448636,0.64314662537538969,0.18427021549849856,0.1418559519380391,0.20587125013751323,0.50449521832205746,0.39973844328311087,0.14597277904186989,0.18590701025962761,0.25668416072485961,0.62660217118337613,0.21984883930838711,0.15550813786644277,0.20211661053643235,0.46092867216276923,0.4254310366201205,0.14538858013271891,0.19067735283986034,0.24278162535108083,0.62499462434369235,0.22789550535867392,0.15793049146008481,0.19689181981018822,0.44306516741941632,0.38677602290979984,0.15963756520616965,0.22575231521607436,0.2788057959243409,0.60113842377891114,0.1956216578837443,0.23812649779151074,0.21782032738478929,0.43867779260284978,0.4486973666993056,0.16165481803975754,0.20276954464298788,0.24541591734221901,0.62252666363795539,0.20686052000320893,0.22666450053637341,0.19081606759980338,0.39124881297024383,0.45890912436480719,0.166230905193755,0.20783800721276882,0.24026629903284299,0.61594653120699339,0.21694811784182352,0.22785447831039243,0.19749716425443703,0.3787687323036944
5134623144,0.31176974842714855,0.30387657554850273,0.31986474978560925,0.32705964903787044,0.41916797436918479,0.31020931118490946,0.29727759174996549,0.29492433481412755,0.39228972920671284,0.38027144004732216,0.28672835951521047,0.29908875683686409,0.30735456006044326,0.43448577857747073,0.32021246063001357,0.29511488212896408,0.26111994114127646,0.37771580750133932,0.3772704225197468,0.33195146008866333,0.32445311037583413,0.26991884753734097,0.40637040540596631,0.35648583956327401,0.33024117678315618,0.26258806510852423,0.31483083593546324,0.33605619902452288,0.2814879258291087,0.25578269589754055,0.35250293452570342,0.42220772861821892,0.32107848147035528,0.2752576089451842,0.31293703055446204,0.4038571155123159,0.40373113016716328,0.29034880979494021,0.23536352551181408,0.30742348727249807,0.43825741805845275,0.35005896162116384,0.27980687247309532,0.26449206508911172,0.37407855570290505,0.41152907684541828,0.33114200538586003,0.24259498455653447,0.28177300176451348,0.40759709092894097,0.40324016315350542,0.29432738104448058,0.25525554569161552,0.31971614467984499,0.35099529187137918,0.20836761702094303,0.18017737272156767,0.31409081796291427,0.5456566995308656,0.26896320444923588,0.19596964042859391,0.25082177929818722,0.48048954181426995,0.4262064611880747,0.21469397662261899,0.16104580080646744,0.26456739892574399,0.57248697856090702,0.2893571675432795,0.19000081700995122,0.20632345288310125,0.43149077938704916,0.45755353359347128,0.26084910840064618,0.17641398278293874,0.25784442345936459,0.52808918766375856,0.35655960733292441,0.21256332498187691,0.21249827685960754,0.3586714766241037
5134644088,0.30983695923819554,0.34176369469335899,0.33021015967519324,0.35654504978189455,0.33485298525630786,0.35918226477541565,0.30334626034526013,0.32922328440471227,0.33089297382189631,0.33545081716634789,0.33885076571777489,0.3146538501813228,0.34227777399397413,0.36283012011971727,0.35783146407762229,0.29513246820508637,0.30977505458854643,0.33725208309060239,0.32349982932555166,0.35683779262227483,0.33203366429253134,0.33545163320966509,0.33634371422139736,0.3562400646501277,0.31465833519711295,0.32423823530078261,0.31790896653062828,0.32097549159906053,0.31099366651123722,0.30657743303538326,0.34531473349534725,0.39634700662558636,0.32666788246773054,0.30404128397653518,0.31642834691095495,0.36146206381911994,0.34353570727120464,0.31105518196387322,0.29139803802579028,0.33190114723427838,0.41366410555659666,0.32966681444962198,0.2888900806417295,0.30512257805402992,0.36578850434700677,0.34119792712040259,0.32590356231848699,0.29872247347763925,0.32667108953864221,0.3976011316072956,0.33545426710772763,0.30455575785864886,0.31100199566258868,0.34832318848642418,0.31679177168889083,0.27515173583413211,0.31831574366068199,0.3152377307453722,0.44445210822813741,0.27520588328420609,0.350132997703965,0.29395864596887405,0.37543840088269492,0.34291230183571375,0.28536832633710707,0.3026396618326998,0.30987964419090053,0.43891974662324129,0.28951534593996514,0.33739247311214465,0.2892546852690428,0.37334738782315868,0.35395808594429268,0.29234758352060652,0.2957173903385385,0.30082146688487132,0.44409662398716815,0.2988513106132703,0.33366884694444049,0.28251755903587678,0.36553965454436499
5134662696,0.3121456985812946,0.33025745392991518,0.32850119670805916,0.36539206369686866,0.339449230602615,0.34941859275767018,0.3021438521711664,0.34465145272837061,0.32353671503606929,0.31371358877506494,0.33318563745833629,0.31881928134307402,0.36695007100448696,0.34006761387055501,0.35796923305651157,0.29044256359949794,0.34514668307335161,0.32711151366964408,0.30757754523775183,0.34912021557275763,0.32759920441202134,0.36860196833331899,0.30683031251882492,0.36020947411104237,0.30571377992753007,0.35995243491244278,0.30561428702888999,0.33071075410606682,0.31180356574411072,0.3082085192851618,0.35202318628852125,0.38609205469161989,0.33185912303926296,0.30270227431895885,0.32775355008794405,0.34095087537853613,0.33386450188433731,0.32415767526102368,0.29357020146796253,0.34794946596240667,0.39038822919241206,0.34274630757600649,0.29150488510847955,0.32872724240336254,0.3365847412223697,0.32972943692281359,0.33052868196191937,0.30457018472699038,0.35375257485591177,0.36311166380122706,0.33522230440061573,0.31004353974266424,0.34152035614575998,0.32731968006552781,0.35286420079515707,0.27737749982012427,0.29115371783998362,0.31953903673068945,0.46267930298471793,0.27273949589754071,0.3288427297865355,0.29646002900519414,0.35663401813249068,0.35738470217798263,0.28766973282435487,0.28690047149229547,0.30527620183701321,0.46736135425147185,0.28494895346126725,0.32116322637372763,0.29634784212281901,0.35132099034852171,0.36094110998550061,0.29437275976283056,0.29871027523438343,0.30783985113258916,0.44338453891133123,0.27556718437945094,0.34402896233583147,0.30060163240592708,0.34326168974319943
5134695840,0.27224769145829497,0.27118976883984069,0.29588137006982174,0.44240803394591799,0.32027677778998986,0.29946731498126311,0.2086216992908938,0.40752210968725033,0.40891498630473883,0.31470125619499395,0.27477860906925394,0.25949038660751056,0.42336269821866174,0.35508104373486488,0.32984084132685759,0.18851530925454738,0.35183004791615918,0.42975417881290762,0.33452916842316216,0.30647735532153175,0.25740806730115556,0.39386355953583746,0.36466982725152075,0.37196801372966887,0.19902778583306127,0.33107479549245733,0.39013787974976749,0.2785646175762051,0.20712870289695506,0.23827015993507897,0.47463929620214773,0.40303782614420419,0.22763765568284139,0.1805998054432649,0.311839633993507,0.50331468514765032,0.28771863978133949,0.19660552906518772,0.23258944679903049,0.46722018365367196,0.41480639338011099,0.21723605702230062,0.17646907845230039,0.30009446175936078,0.51547824120446029,0.30587699319114486,0.20584679951447732,0.22532507150322834,0.47001407802276662,0.42152685444765298,0.23440762528098216,0.17221607949975828,0.28831780341823571,0.49695509468830951,0.23863778253984899,0.19880563337335722,0.23738396733186809,0.47523416650474409,0.40235001537722714,0.1963514873278569,0.25596323033911733,0.27424382116648899,0.52930460528537582,0.24479458802063833,0.19355588599103346,0.23266731087492482,0.4600527782886274,0.42072343168738657,0.1896048954486779,0.25043837506190458,0.27537369138774093,0.53415429205131981,0.25636690653407168,0.17885160916913695,0.2242240430650527,0.4658668934327731,0.43109090235115477,0.18437001408993103,0.2443332774314905,0.26302040574595498,0.5350416433596813
5134714892,0.40121407717468877,0.27847730910156943,0.26763846161778276,0.27076419144744096,0.51527253544987317,0.29591236750481859,0.25763105712884909,0.22059076559547192,0.38526625070305981,0.42320643559677729,0.26034748116980233,0.24502087159036071,0.23985698843386394,0.55023058625410071,0.27277871326663328,0.23271171536411986,0.20119432348555355,0.40466413748114405,0.41418529551065814,0.28725801968628517,0.25996074361443106,0.25002927378763745,0.5149064674574011,0.30631854621940491,0.25176241859315607,0.21406470438994638,0.38428036347952038,0.42599821973160129,0.24453094698390473,0.19483720537189281,0.26280963370128096,0.55520693343399519,0.29606682074274315,0.22641114505036639,0.18989257926499215,0.41044875440202228,0.44871716375165094,0.22586142038791579,0.18129013206228164,0.22734114488991583,0.58638677763476243,0.27333747173339501,0.20729931356504058,0.17063654506634643,0.41525503297340671,0.44772793151458151,0.25033329103737362,0.19961225537570945,0.24020930497570586,0.54608908429141689,0.31415386911767745,0.22896026906067715,0.18686047871952541,0.39380424406870274,0.41429249093660159,0.25917678367693209,0.19532054523787296,0.25951495137368197,0.53857747067874995,0.31290523318967495,0.27182587792017338,0.1957222221513823,0.39435912034172915,0.44190616076772582,0.24756664860110925,0.17818360891173229,0.22494205208546064,0.56688976878500674,0.30041924002767162,0.25539537317107186,0.1762558311237277,0.39137286238882329,0.44892604581695261,0.27524677584257351,0.19414526829346893,0.23285424877590688,0.52365758025946196,0.33914463498292857,0.2700289030941862,0.18752181679110097,0.36534194167489836
5134720980,0.36546335061361523,0.32436686463495495,0.32268943535473676,0.3187095645640432,0.39529807267424472,0.36383116283338551,0.28211760704839595,0.27962988874870209,0.33030516906321711,0.35559534585176766,0.31811849984773677,0.34082839179101687,0.33377804335244216,0.36548051805773063,0.35608352804712834,0.28381444255756766,0.31583289188643515,0.32265808679622937,0.3692600997544277,0.31918608755133726,0.34106054418629939,0.32913872721488896,0.35888803015862358,0.3444013472281926,0.29791726518734057,0.3196925368512063,0.31423190593213712,0.45281979310821685,0.22491332838449943,0.17663289308118954,0.3203778009656234,0.53363097207939802,0.31294809328625312,0.17687856008758512,0.22434921134910063,0.38237414155173521,0.47462252855502435,0.23462030272617151,0.19132517695466891,0.31760593253283992,0.50648724636933506,0.32722569553739367,0.191238981732261,0.23710309515631811,0.35469943739092885,0.52491767420920976,0.24494970886366088,0.18226648211474042,0.27152257057083751,0.50438963816174254,0.34828101119632432,0.18840029883396511,0.20586708232203418,0.32238329397138166,0.47300497027133481,0.1614181835211437,0.13038389322363228,0.28042351242717395,0.60737132126960747,0.26785149564112615,0.14800271919491303,0.18880745789292147,0.39544372690500862,0.52376626325926234,0.17171734063383234,0.13125827020861183,0.26372477332585015,0.58679140458162282,0.29285091985996636,0.14923133970947905,0.18123594009346722,0.3524206021559495,0.56879235130794537,0.1775303276987687,0.12371366666577366,0.2140413750609898,0.58642361900801743,0.30543279998396872,0.14950206826857435,0.15367694238506313,0.31731707034077045
5134734728,0.3303982002244587,0.25357078754624551,0.29672964364119642,0.33594084515911232,0.47684707416200461,0.25534206772231016,0.27447513533964113,0.29971535637043734,0.4097383823397846,0.33428750367578458,0.26139784596942861,0.32470078671357244,0.35520366256054642,0.41825448582267377,0.25718467002537626,0.28466522084957541,0.3427082807282873,0.38569256243509337,0.37325445371981064,0.24992514269297755,0.31152614375844728,0.34592372763178508,0.44378930391270333,0.24875490030529118,0.27250975507137526,0.33119351302850358,0.3724622180115349,0.36387065504121568,0.19910736141735008,0.19528578288501794,0.30275349337589386,0.5800172489976545,0.2314489127334424,0.21218803545599743,0.23472088728760293,0.45612707874341407,0.39494514943761222,0.24337526098670831,0.2261561717827294,0.31517975827845407,0.51439039086135807,0.26433919316104326,0.25229184996898635,0.26787852743696816,0.40548629712103407,0.44806194459994414,0.23355208191877666,0.2178399808998755,0.28543735668411646,0.53856168612034327,0.25718775087850931,0.24375698975453997,0.25537007695258501,0.36734124303727561,0.33394402593869149,0.24881808071481196,0.27494747838372097,0.30406471372168592,0.51940803122438872,0.22603394641313651,0.32710038764981098,0.25203306128641878,0.40881303273021896,0.36549524497014452,0.2780945386379699,0.28439778541756133,0.30126190091164085,0.47913474849352022,0.24738998496587492,0.34277823012139974,0.26868237038376203,0.37010371966042938,0.40251392098516037,0.28764094331224849,0.29563477039997038,0.2763712167523289,0.46881425777161512,0.25016753948403037,0.35865699077956698,0.26379757489688299,0.33297094079850492
5582121742,0.34238678191457295,0.27043846134569766,0.31185398299390482,0.28579887244351609,0.49163869654757092,0.26830062657934589,0.32413686277992854,0.24621056247354725,0.38900157255221729,0.34516980014483728,0.29001123471259704,0.32105785131239589,0.30402710012407058,0.44468564722797593,0.29105284041455171,0.33757928307713125,0.26551728945126074,0.36650288165075418,0.37541039154175515,0.3007984791725431,0.30592276553081688,0.29426284472056669,0.44202677899439602,0.29567399813395834,0.32932712331032665,0.27590366175681141,0.34787635894822427,0.36088416255281786,0.22450379912084392,0.26792372806124537,0.28023082397652149,0.54218563945194509,0.26790997628432905,0.281157624117852,0.24959427648884433,0.40244285478644476,0.3862319956940502,0.24435206391665423,0.26780623892112615,0.29445916484208345,0.4986021544299159,0.29955397234532444,0.29629165676973157,0.27100724675441956,0.36485631493896814,0.43344667505757561,0.23770450809663554,0.22619190080877929,0.27025098103183121,0.52603923963951993,0.29618812455054871,0.28805236626440733,0.26326403641047413,0.33866699911159409,0.40727666472515284,0.18897965586916202,0.2315354035482084,0.24592454893422741,0.62446975113392889,0.22339840840429087,0.2294926669648788,0.20805765363837639,0.38535782878078401,0.44436720019869475,0.21726783597754504,0.23413358301389364,0.24910459269182872,0.58051343592963367,0.25643351155082383,0.23419327556725131,0.22773509762221603,0.35916159299169353,0.47836556041517969,0.20425962814699333,0.19918255272528484,0.21859331937984333,0.61741477886940399,0.24001822144017185,0.20968900304816113,0.20497487002598216,0.3423356580697407
5819438633,0.46477020608946867,0.20880066590574711,0.20424103118882866,0.18519282580546637,0.63312487278163876,0.26581133884337599,0.17895294130318221,0.13891316284125704,0.37623974775669694,0.48435938072027823,0.2035320151704334,0.18374234704736403,0.1864085605258694,0.62336164165670571,0.26635366281506617,0.16434995081078066,0.13619666080885315,0.38778453688788445,0.48552141255263881,0.18978583323857495,0.16511399611202468,0.17557185180186716,0.65012184532185857,0.24815377501893732,0.15345976685177123,0.12669031533399228,0.38252206650022502,0.4483040188379156,0.23031248845552138,0.1688668527286919,0.20304144515958264,0.61537101962061969,0.31054622949819749,0.14865046457734357,0.16795207285592215,0.388345849429097,0.46247504729915023,0.22593221335090485,0.15207569755980946,0.19103828180352139,0.62251076197704402,0.29508242542798963,0.14127300055322825,0.15226539945105502,0.39713059873914025,0.46908385269178593,0.20895771978760949,0.12211432361477292,0.16462836103749046,0.65670571594193006,0.27933680685631274,0.12079968824718711,0.12208675635385113,0.39432652207527785,0.42242761243009325,0.21366696442514563,0.16261972455114845,0.22028168061117817,0.61717646041646679,0.28647382825627454,0.17626725031883553,0.20020943417479778,0.40841662150036295,0.43202901027617974,0.21301931897064741,0.15120980979625881,0.19217126774680046,0.63540285669311969,0.27774751068468195,0.1683672495338227,0.17815813354704813,0.40891462274518425,0.44618393321080935,0.20274081710566177,0.11690844235449176,0.16185989464333353,0.66196480710328032,0.27348720490644518,0.14188195238167345,0.1375425736649239,0.40976668305361419
5819441165,0.25339539024563623,0.44007898563455722,0.33487026257297126,0.31938114432901554,0.22823329642464626,0.44533842457485612,0.34335269545359265,0.29876716537901399,0.26534730143225599,0.28407164728235962,0.3707224889999573,0.31518280452270725,0.39780841230336567,0.28060310537663491,0.37647246807880175,0.29015123759069045,0.32685035522164779,0.33583904448759722,0.26180522511844018,0.32842898324266412,0.33016716840453159,0.44765804393001279,0.27755112396492926,0.30566629273704676,0.27724247066836977,0.36863919540248907,0.36188336538329369,0.32354805617537058,0.28967089987675448,0.34209821544640928,0.34387750632163872,0.32417360004218748,0.39945885718598584,0.29145229577162635,0.34553270220350973,0.32730914852473869,0.36794426998695196,0.25506997222047173,0.30462424010143641,0.35786545919627205,0.38465427173608063,0.33754649043146473,0.26071997379421163,0.33913397652807947,0.36579965056207447,0.35567241120887083,0.25211862671329049,0.25174371943606094,0.4006279292976091,0.3943719145812084,0.3241380422897478,0.24769027888574832,0.33446597997271638,0.39018332776050169,0.19043669899998547,0.18198533708725309,0.43906117987826487,0.45589717598550888,0.2589423672171543,0.15802565211299768,0.23724439451201079,0.55998473401286886,0.26097349721546398,0.25612279171929581,0.21002655907005427,0.40310867203432427,0.41624773907166707,0.30877348186223191,0.21461975266088351,0.26170336441700015,0.521840442736204,0.2689281646854963,0.29627070929008259,0.26049630865730911,0.38129921552019946,0.36944558107816627,0.32776700262031366,0.26521949806443806,0.27755218466184639,0.48402669647261631,0.27091796027121567
5819441759,0.41326742656367388,0.18332389302474922,0.16749687630697385,0.33967731092700465,0.54223512491234804,0.27843488653669107,0.11115213128992645,0.20743525891033571,0.47459181532381362,0.43223422068732764,0.18118267405261076,0.15408537293723609,0.32627930715415265,0.55219561910585979,0.27722432378858003,0.10755526604320496,0.18541149872635637,0.47162170102705997,0.44619504639907781,0.21830768490379193,0.16997224504732306,0.32118742608569684,0.53092551103905505,0.31361089734875325,0.12571580364573587,0.2013106504233815,0.42969251711395318,0.39859229696153825,0.17427167590613205,0.15683773672086618,0.28913265114085401,0.59002608569164561,0.24680619154888125,0.14426492431781127,0.18998180846591659,0.48642394419973795,0.44360395187516211,0.1806526775144453,0.14937608831060045,0.27338982182054133,0.58962538728388258,0.26141272149038342,0.13897240004685865,0.17932751086316698,0.45393670305348965,0.47626838785454484,0.20314639737887724,0.15892751423835652,0.26186452862996673,0.57550530950764012,0.28483045459536371,0.15365454683380902,0.18685464852832967,0.40891299601821557,0.3811706863107972,0.18510891040155189,0.1772669939131494,0.26427540727066595,0.58945989330830018,0.24856801073193308,0.20318816855253685,0.19565969694022128,0.47995972513848623,0.44276326984157305,0.19527329742526614,0.17104539716489481,0.24119503534162162,0.5793061219543939,0.28368527569136853,0.20305785694176198,0.19267112805667241,0.42891708389106459,0.47642477215684692,0.21419185335288771,0.1849303008215272,0.22459722030630497,0.57195463936516333,0.29609609219959515,0.21658572330913764,0.1953808358698679,0.37763751744772939
5819442989,0.30812998678223918,0.30280040897474908,0.32153200927156061,0.38767014979145054,0.35228688734805413,0.31870107339954684,0.28624984039584883,0.35141956966904975,0.35858852042180328,0.31978672643146355,0.30475672962399503,0.31093200964995366,0.3807651858110081,0.35832027123319093,0.33258123070547141,0.2744831984581087,0.33407964636954607,0.37046593125575689,0.31462071158939436,0.30686504156627692,0.31762991676232172,0.37995363366108875,0.34431925770049476,0.33424244950856979,0.27498703675125274,0.34210295015987868,0.37238159630854734,0.33742146571925308,0.3055294311843626,0.30010228181426651,0.34743541962901142,0.39200171219066055,0.33787319765580448,0.29011357863748211,0.32440292997350434,0.35326898205721952,0.34350637549342877,0.30275572740315015,0.28748384066150823,0.34313786685875075,0.40285399325505605,0.34006246055804507,0.27931844343421203,0.31561122677475784,0.36659067185179223,0.33120075629244777,0.30864841566630746,0.30051686566280672,0.35119347887448055,0.36927182013022269,0.34736710499786,0.28704135993967927,0.32760137132270561,0.3669522820920918,0.36947115427994265,0.28870922492790346,0.30066085285937039,0.29217327561024919,0.44976503752295904,0.31557664792276374,0.31976700119289719,0.27821724160066674,0.35048950295395309,0.37538126012482337,0.28750816908169757,0.28739990600255627,0.29304415013085477,0.45670738813271328,0.30955761907336382,0.31224307198360018,0.28138835925746547,0.35619049823009946,0.36685226119191289,0.29806208450798494,0.30341554519300074,0.29548759093616001,0.42404249723480331,0.31706970947878449,0.32717674757448117,0.29205066583330469,0.35287538684061837
5819443289,0.40761381508103639,0.19107507076380056,0.17765176470950975,0.22426679139367189,0.64307630551411044,0.2173197558300248,0.17098419425621805,0.15876698400168465,0.44751310570146086,0.4301184900903437,0.1434881689903493,0.12944511417558466,0.16084918595084985,0.71297307839476143,0.16588188670407814,0.12033046431542514,0.1148169339186263,0.43390201762960284,0.44600743113534996,0.20613328572591569,0.18002831870394845,0.19074173148169138,0.65463297328181802,0.20872743201601451,0.17263788715534145,0.16403312559726546,0.40121272127161434,0.40460833041134647,0.17147142673044652,0.15429917728764803,0.20916219428377397,0.65453585603472408,0.21915413034004605,0.17551430273772647,0.1604630867964135,0.45423912701318742,0.42573561255759285,0.13117402847981513,0.11564085619805482,0.15641996091904772,0.70924240574529862,0.18034027991437004,0.12752902852615053,0.1210851836621764,0.4441056823458841,0.43980741685951719,0.18524034382496365,0.16289627949445673,0.18461571216892236,0.65228626543984414,0.22334761557754459,0.18015038896527655,0.17302101666293382,0.41699558143235116,0.38414957696094082,0.13449494807107384,0.24986060482916958,0.16538597448001355,0.66611501085806357,0.17332271384731135,0.24662126414069324,0.14731139714929198,0.43391783328175387,0.40560598759479621,0.1263682473999366,0.23167473699955521,0.1514270450611517,0.68726348406412441,0.16637800802471944,0.22334034890445895,0.13346692305557348,0.41857428224038817,0.41799791495948857,0.14585328599240849,0.27082738801168454,0.15064034485014255,0.65435639736243534,0.18000188130516462,0.25462702984658681,0.15332948006609395,0.39879409667865146
5819445027,0.26410534079840969,0.30417890990486246,0.33882219393162338,0.40458240192093919,0.32529306717430029,0.28548423963646058,0.28236545005544283,0.43185649305884893,0.32509850913349669,0.27510548078090569,0.2945300963475041,0.33116770222270686,0.40857698668302833,0.33590002692169579,0.28998473932979829,0.26720670920487988,0.41903111863769993,0.34213345892338848,0.26951835330660173,0.28959245714635101,0.34030124315638188,0.41384721146385517,0.30509490560410679,0.28596993488986944,0.25290076744901047,0.45900098375274889,0.3269850135050254,0.31462521491043799,0.29824990402254331,0.28496274482966316,0.36641715405425146,0.39235708938395342,0.3005515541660807,0.29406951851791219,0.3727170359074406,0.35626179761407556,0.3092846727379725,0.29417881799263712,0.29565272248805891,0.37155369882402889,0.38554615603018183,0.29855693104096892,0.28967934356836683,0.38224021810040992,0.35289564207774132,0.32176081489430974,0.28607984376095585,0.30541706390344081,0.36950645865913423,0.37700301697436989,0.29273205551728693,0.27349855560849595,0.39435905492403178,0.35590705108161869,0.27791307698514678,0.24675984808412765,0.42560942885193587,0.30873040686799613,0.3982548884985857,0.22868156151583699,0.39256989834169204,0.33160992334377348,0.33232146669845186,0.28952236779363338,0.24844964649593146,0.41049361671388901,0.29810869977946219,0.41061629046011261,0.22636783699815413,0.39208955604384804,0.3263873309093564,0.34200103482238325,0.29312821819852386,0.24971312474580565,0.42368301055748242,0.29352680602544451,0.3843824325154816,0.22281882061483699,0.40852994344749693,0.33025589999665594,0.33569354461226841
5820000028,0.33169328891513561,0.31809189822028255,0.3561822790080742,0.28412325877784983,0.43262273047877875,0.32052479162417463,0.34317333411766943,0.25017145234677607,0.33309606575470568,0.34372061462914039,0.31228615213976579,0.35539504979743414,0.27348393835029561,0.43948420092923551,0.32542560579464486,0.34070563223820477,0.24138684601703853,0.33141854777954477,0.33482348341638546,0.31880976594961463,0.3625191387859989,0.27410641636489058,0.42956887514300973,0.32841408029610314,0.33755560932510781,0.26277265393083743,0.32298702318464767,0.35454123890160993,0.32620409875186607,0.28018202643920231,0.27294885266450636,0.47213524490238512,0.32752793907566607,0.30620062426239625,0.24064978099100146,0.36473409544013924,0.37235629889806293,0.32626315724386651,0.26592476497242923,0.26323296117209166,0.47277351199313372,0.3360069116159955,0.30389412325054221,0.23343079653331131,0.3628202608724414,0.36125783726680677,0.32628175121840663,0.28586422708981168,0.27250946329441322,0.45187160200375781,0.33510308031395769,0.31454519029867933,0.26217089255351494,0.35056945886268531,0.34967854309767338,0.24059766796867674,0.24790996572229446,0.2172244310661044,0.58215285906710079,0.24270895846134138,0.27660496622394082,0.20557112542538056,0.44114904557995333,0.37997952314274758,0.2447832349018573,0.23681658804999833,0.20658564680671454,0.58125336943711758,0.25434192706298581,0.27123644416162723,0.19704009851176685,0.42661187398116512,0.38475700839050164,0.25614358274855242,0.26771395131845693,0.21592468696541064,0.55235326737851453,0.26646595038903409,0.29293004544263695,0.22149846356464553,0.39634638165189323
5820001188,0.37004286166857264,0.29039465194266528,0.26404048491670068,0.35712158650491338,0.48026091112779279,0.28600668130940338,0.22341117523141657,0.27478359678636433,0.37896841993141339,0.42984686128449578,0.27755616615102346,0.22914306446450408,0.30982692332644968,0.52536101464603402,0.28285461441765797,0.19894691769671904,0.23788725150393336,0.37082855682737942,0.43984123537027131,0.31995011461866868,0.23541025711655011,0.29029524808088819,0.49451493730968499,0.31188708724793079,0.22042191052961618,0.23653530307210519,0.34369889431218298,0.387036226058732,0.2521999244907957,0.23609295446557141,0.25930015836026005,0.56605057945957538,0.26288038064197344,0.25804995030277655,0.22923503036723905,0.39365449571094302,0.42310284546841836,0.21015723139607792,0.20650830359181691,0.23146404656255412,0.62071672963364388,0.22580015764534433,0.21512771411935327,0.20443130917261254,0.3952841518415926,0.42863586317349794,0.20690129455047993,0.22658568041503463,0.23534093861834768,0.59826906923273682,0.21838967465650863,0.23762553106236331,0.21768859404655244,0.39656344507489233,0.35187868911357878,0.24072666667898279,0.29813538077995244,0.21805023946813057,0.54588376381991877,0.22904145151663402,0.37235568457987295,0.23331800188296303,0.37184179099435888,0.38268553920469761,0.20455556874695374,0.27527974431413543,0.19489087681110748,0.5941354227040514,0.20680835438716894,0.33268778848262504,0.20886599715852625,0.38454469991894608,0.38372191722091442,0.20387182082708524,0.29363788535521773,0.19765383923450702,0.57669605347550434,0.20499075059591138,0.3447334220230871,0.21466646577146622,0.38259788302176512
5820001854,0.38165317203736021,0.36608687948860841,0.26919455788112878,0.32468728423605198,0.3853776442790452,0.38700496188727435,0.25398519564662281,0.27019989110574189,0.32654014500097511,0.37585236819335183,0.34193792614384877,0.26994579473141256,0.34589308233253124,0.4048855336378544,0.36947396467951349,0.25145963879421135,0.27786021416205309,0.32927059516122809,0.3640659208833304,0.3201628009769581,0.28110999271826648,0.38913691997617306,0.40096686797523423,0.33640629139663863,0.24276137042951834,0.30276212843002231,0.33160185032918515,0.39646258301692183,0.32125746826439228,0.25006977555261301,0.31224636351272916,0.43126739094895056,0.35947272412675896,0.26102030458579811,0.26860079355000438,0.35226151913213116,0.40367739492154908,0.29458083992368533,0.24484143883926904,0.32796953707809628,0.45223788178855712,0.34346865785822994,0.25045063958749342,0.27292134788961475,0.35079042773435198,0.39414431225183688,0.28619942195461373,0.24973348822188729,0.36117202064277815,0.43481978136329275,0.33052900773502536,0.25166554997474394,0.30263933488681677,0.34159085584234816,0.38164835692556626,0.28339861589778559,0.27075275806255711,0.27286948843458853,0.4633213682735654,0.31368640013108007,0.31564141635164783,0.2733242789054508,0.37264381939121549,0.400904681967513,0.26389519561746677,0.25945616239294966,0.27680135020646557,0.48047135179981082,0.30987262581298841,0.30066341877536218,0.26659831829426123,0.37060941683156295,0.39396083767334933,0.27264206677675812,0.2694965983058642,0.29384814808382692,0.45052285562885575,0.32089771338886891,0.31930161417869235,0.29256083722559917,0.34350319548078934
5820002718,0.39887229775551808,0.21924306704772287,0.21208689771165334,0.34816724925347464,0.54408903137517095,0.23028275859465688,0.17562379109809415,0.28884098446336487,0.40409926082472175,0.44462337787442668,0.20533930418547644,0.17591202059366259,0.28269869086187011,0.59583629235802693,0.24908688614913216,0.14776362660619852,0.216245548151066,0.40450071211419097,0.44035227117980469,0.26949949998462114,0.21496191846157581,0.27579275382359408,0.51866047899655054,0.33851314998412552,0.18669996147241763,0.2297091578343172,0.37412108917606512,0.41469150128103127,0.17322701495403364,0.13273614088609925,0.29005005993015665,0.62405379897665925,0.21148280759981061,0.14279484055310629,0.2359510836852888,0.43132820992201276,0.45251938850392515,0.17505504574888928,0.11289858688381353,0.21325650248911682,0.66890215622474714,0.22156845884250745,0.13519314804164162,0.16518829556464443,0.40530292039142457,0.46260524569388523,0.20646318382038922,0.13700467520819687,0.22885396475850794,0.61591663575126943,0.2812523664979697,0.14798225406707474,0.18512838309893043,0.39698544697295318,0.38963545764007501,0.14892870512417208,0.15355283204632292,0.23030623146387713,0.66980295575762983,0.17906047943129932,0.18818477920739574,0.17395773147102958,0.45056802838450499,0.41113707612018119,0.15404847451537512,0.1395319322669635,0.19250054974891853,0.68987232786993768,0.18802184613885722,0.17955378549733872,0.14983832478620035,0.42981694754345151,0.43928883152820758,0.1822181042656871,0.15583337814107734,0.2011496012812522,0.65165678374360669,0.21497747288285352,0.18059376806130728,0.16998881830800627,0.42035042816092627
5820004252,0.46612951864032892,0.26704875086563562,0.22487584619074008,0.29870018628332462,0.5228690967319386,0.32018574826855234,0.18839581612534251,0.18648546583402265,0.35417006282595848,0.50103649355416702,0.25037070916617932,0.2090344509626704,0.27308559362642737,0.5458046963462484,0.30801478478128863,0.17990218359910784,0.17857034680098272,0.33313319906681926,0.51354250690967818,0.24962719003307982,0.20874013111221923,0.27196550658189739,0.56599053754984052,0.28629015313655226,0.17476040097827025,0.17401353616894247,0.30543968238749825,0.39962103073379901,0.29332384811704743,0.2627934210574801,0.25926346943742573,0.5310179687314327,0.29082441834739692,0.28544676214968506,0.21268779345729089,0.35314491237195222,0.43223513753977183,0.26817673915677814,0.24068106011104728,0.2633206834312336,0.53537608417310045,0.28847897354545715,0.25486763930427075,0.21229589740909544,0.36621594839091615,0.4669003609086943,0.24923024427522261,0.23249946673041699,0.253866546754764,0.55154188642226754,0.26683061350650966,0.24909689458374823,0.19732836622402242,0.35355242874370896,0.3736011700648289,0.28151694947292938,0.26969376844066423,0.23118803375842348,0.52758758814469808,0.2801114034813893,0.34254128965611913,0.23583855645495985,0.35386762923082149,0.39550864249378015,0.25804532244930722,0.24837245247282561,0.23639850575561547,0.53245577031546021,0.27893039777345535,0.31281609711316899,0.23101795400325739,0.38324647416679375,0.42322262736885663,0.24289761849980432,0.2431799322249398,0.22938570344528794,0.52828855077881065,0.26949809189607798,0.32044074475250534,0.22755654575026296,0.37940320109928372
5820005710,0.39221690951310623,0.28883254884305687,0.32473692116733577,0.21791376956933745,0.49952222014135578,0.3391455661814089,0.29113218052727363,0.208666571412502,0.34199314577408074,0.38588764524299302,0.3147011549208607,0.32859086689995376,0.21685218391391942,0.47938778410046307,0.33395040729261954,0.33667967119029013,0.20835925475344161,0.31457075846201182,0.36151539130635385,0.31355827495592897,0.370632384014979,0.21971058840976695,0.44154839740424595,0.31089572961078871,0.39769082518758447,0.22012974622506959,0.29514482418989541,0.40598958379161221,0.29342478243754222,0.25827944549376081,0.25811533394503061,0.48270515170623157,0.34742615569499263,0.27066843384923389,0.24557294325690521,0.35842136509088318,0.38786966076132828,0.30387853657697705,0.26818293569445556,0.26405732372787488,0.47018119467659525,0.34057288919126699,0.29426078300826308,0.26100109994881387,0.35184564647272387,0.37570209126247534,0.30456549602155319,0.28777372239951782,0.27347225464590796,0.4462665965121721,0.33086787374647297,0.31871219788137184,0.27678411990375096,0.34881607699559791,0.39034461164654033,0.30869806872057465,0.24700772459714193,0.312090180084309,0.40960276446162175,0.37274910746769629,0.2798995417550465,0.28413728084662399,0.35795168652823101,0.37285718515817989,0.30570647637524317,0.26098882344076813,0.31989035493079626,0.39808696904853147,0.36428207274036473,0.28349209863020974,0.30061330372113909,0.36764828544032424,0.3530171276009883,0.293854386247142,0.27478845489456227,0.34124720021795701,0.38928832219220655,0.34569567884759878,0.29206970141871108,0.32133390865260114,0.37075471380932107
5820006372,0.35087001045111238,0.2562782939562277,0.36061917345818978,0.28061613209557273,0.51137407000860924,0.26352156197707616,0.32861604493175245,0.24498904783261746,0.32165953241707468,0.37255454420570877,0.27217042217083437,0.36279045110093572,0.27665058271991388,0.46370748244708154,0.26113543583174376,0.33573772376114935,0.2549521811593406,0.34356529640144018,0.40438032788994516,0.27332386997123481,0.34465331844986391,0.29438354642496933,0.44709832398479998,0.25307839708072039,0.30359619949698874,0.26067861423639477,0.36366664433700885,0.35905946238155678,0.20747080975907339,0.23180819349348797,0.2648955509314288,0.6124475833044557,0.2456198352490396,0.23478742473947101,0.22729600455364263,0.40238998223288636,0.39087998851746908,0.23060415780452614,0.24528156854022737,0.25992735769789199,0.55264377784376795,0.26265536800964773,0.25292818576339138,0.23589015130591967,0.41507762775811979,0.41778186542568074,0.20682893034487101,0.21489705510936133,0.25942600155565304,0.55504343202616446,0.24565510251005898,0.22386845044155365,0.21811306637322264,0.45065225703475231,0.33341866388102975,0.18764518912709074,0.21961053265794714,0.28310230672554487,0.59228513840944186,0.24586138062244958,0.25474036795876792,0.25515014889197823,0.42895430443202687,0.38152705842377899,0.21587597774682338,0.2301469807500143,0.26420489955285253,0.5414533082236096,0.27139804895492931,0.27167398854510222,0.25448622102155893,0.42386814188842731,0.41506031481562322,0.20831646908927851,0.20318107615576142,0.24526949059517536,0.54024326283335189,0.27590202152163212,0.25215592059298936,0.23142947145486115,0.44470503911767234
5820007838,0.1911650149086358,0.2940440384805541,0.26884958485098026,0.52908115198529682,0.24635589945105313,0.24730695220141483,0.23439868805498473,0.52758425003634191,0.2639075987649242,0.23760638195245687,0.31197476656269701,0.30120937829212546,0.46145516131555736,0.28706668425550513,0.27594493985221291,0.26076176504562398,0.4845585093050308,0.28495691906125359,0.24811780642881404,0.31447343623287322,0.28326985907001123,0.4714225468540586,0.26279981471712854,0.29026140754860047,0.24927734646298458,0.48747291550914362,0.28979044734440351,0.29686806092842327,0.36050040316038101,0.24780921765133537,0.38468679796589095,0.32777370827947316,0.3560875665322849,0.29664522575688995,0.40063076706690121,0.29962993774084834,0.31432157362682922,0.35606587273608725,0.26106801793257239,0.36164335880243964,0.33635449184613125,0.3573122624430724,0.29607593142203498,0.39864581754445327,0.29680087279375644,0.34546758643100872,0.37584513649741152,0.26307893216402972,0.32496269135725969,0.33370752862611841,0.38979537675226678,0.2845821975913872,0.36774454176459409,0.29164544385275276,0.33214043099473739,0.34580927016280488,0.30920594016079511,0.31722316436459369,0.35167928343588767,0.37238021884113004,0.3095838574817763,0.35107766565670745,0.3040012837135051,0.32074186455941744,0.34547642307588727,0.33116233544297907,0.32160007963429083,0.33699464416827696,0.3601886356004137,0.30620769984925339,0.37154012907174272,0.29928099221527016,0.31843007933199224,0.34558416740184533,0.35085539013191014,0.31882618536346996,0.31064183983797683,0.35461097164658767,0.29907173930270886,0.39590681976724057,0.29324188358983122
70503220,0.33916374028730972,0.24476617314858859,0.34416258241103237,0.23391407520714214,0.54573066992065855,0.22701529071885881,0.3310337865537763,0.24174049051874602,0.36676156720793329,0.36848086589516632,0.26127816758988837,0.3226734579863848,0.21831396135097506,0.5212795615407616,0.27419231658691728,0.31812817442998931,0.21979745046357543,0.38437761210176769,0.36380862462028296,0.28107543042553729,0.30393281002211053,0.22300567702455182,0.51397855897250311,0.28956757747003692,0.32747089109740968,0.20765400236746959,0.38490580324971196,0.30526412324410979,0.23293188995497455,0.32418328094654003,0.33959834234830261,0.46893954462546433,0.25099245096537764,0.30607068597033593,0.3316987547676104,0.3814837702868038,0.32072345431107396,0.23304086487377948,0.31335416281944006,0.33018306621433263,0.46478954919229565,0.27083063836302385,0.29750051459573446,0.31405638402635461,0.39887365341373998,0.32716170483678586,0.242673484878453,0.27493092939601743,0.35219848071799026,0.45892034050429131,0.2810334567339593,0.26777179223935244,0.31019168310984013,0.42063725894694121,0.25361410314795713,0.28474717606394762,0.37454091181273591,0.40618524550500379,0.3149574689653637,0.25665864261428167,0.37732358501780106,0.38433132464712016,0.30688116383367697,0.27747888761714651,0.28727195726127008,0.36092290063696331,0.40096658086888037,0.32650036174287961,0.25583648460098318,0.36602869403721439,0.37509992392787533,0.32048242502822311,0.27902326713556352,0.31535443452855888,0.34261504091611406,0.39717404930332756,0.32557157731678166,0.2639175517006373,0.37088310530376251,0.35380728486682794,0.33042713414172731
70503247,0.36342475092510285,0.40887070384546198,0.29238915443961511,0.28176668708657382,0.35310824197303847,0.42282263505787054,0.32022756286692777,0.24131037080165094,0.26762379412166798,0.39782248874838988,0.40797709172510438,0.30361436882946591,0.26887854285618562,0.36264263351332066,0.4208883948429844,0.298323771792668,0.21842349303281622,0.25583580857105576,0.35904317775300632,0.38021561200815229,0.29642743248525316,0.28353253305977727,0.42515723880433037,0.45179169185233542,0.27262495059565472,0.20526711644290613,0.23860170857265514,0.38193553158514043,0.36232428960171548,0.24486831979139012,0.28757543670294977,0.40252774949626069,0.41714209696723786,0.30923368945047286,0.24457553037442636,0.2978379266384798,0.39219375862391248,0.36116823053587582,0.22844053836005315,0.27256198352367927,0.40753126313160337,0.44832279581021167,0.30013763402340277,0.22973581664131726,0.28165621131543961,0.36833303509873655,0.34929156151459884,0.21572738518448528,0.26915898464646248,0.43406484707338933,0.49019644016075603,0.28803764466979831,0.21434190887576382,0.25637533658693612,0.41087228384564023,0.22663158628784416,0.17752734108295445,0.28617723651151256,0.55123955422309123,0.33788204078553058,0.21513714267165263,0.22214559915838841,0.39082825547499067,0.41478312242071252,0.22516155911900457,0.16404842054331095,0.2768964106492664,0.53049420800235236,0.41042666979592907,0.21189224913160223,0.20866963406859879,0.36791059610004184,0.40039077829930964,0.23094062754412414,0.16868397694071663,0.27579881546991269,0.53768609149265267,0.43772395899465288,0.22383053468372971,0.20301391185346251,0.33137743422285459
70503283,0.39701973746938712,0.22639280187782326,0.20166041536676252,0.27606474954207683,0.62810072761067715,0.26414622977452462,0.16542191464194664,0.17927096340354182,0.3878874757834711,0.40005221129258645,0.23717384110143247,0.23794111571339391,0.27712139063228464,0.61316172195520602,0.27180931651633489,0.16801521287269558,0.17795106363203483,0.37490163539088561,0.36201515151371544,0.2047370987087696,0.23301650653596442,0.2604757480342052,0.66479250813667978,0.28756722557716119,0.15807663562986299,0.16211983002176886,0.35912166166908427,0.35800051103528863,0.17362349560365764,0.14941944612895189,0.24765414551193965,0.66120115703049065,0.2510989182035489,0.16524165223322723,0.16741269456780816,0.44995811075283398,0.34313359755274792,0.1807324593327197,0.17570858857823726,0.26684057952685891,0.62889034146950962,0.25926669678420927,0.2006098123863804,0.19939939449048172,0.45253838721288037,0.35426207120203662,0.19122803867211069,0.18621390360887677,0.27071193084782413,0.62780988156161754,0.28456855113246726,0.21245867811888225,0.20726429890870685,0.40834782625721916,0.34823644400999254,0.20554435017825762,0.21540378886893038,0.23608127887689537,0.59869641480822566,0.28286657252258118,0.25717285178248961,0.19843732108172385,0.43632966784951011,0.35821630245218072,0.20938750198659992,0.24770005265658768,0.2387876720378638,0.54963755003257719,0.28731455098710229,0.29392515889050308,0.22611645744636011,0.43277168229741814,0.39197620398456368,0.23715892077822795,0.26791380754927263,0.25307767477015436,0.51041385414566287,0.32131296962228001,0.32234650791599562,0.24266107856848337,0.35739077851056761
70503297,0.36386642653501106,0.2481674536190244,0.26777470522403718,0.36546365156559441,0.47773573500886996,0.25172797261043095,0.22897536044644129,0.29818340715765779,0.40964092670922092,0.41171871783683933,0.23855290997807571,0.24136860987546616,0.32524923524614097,0.51458250752551882,0.24609924276182155,0.21792231502750989,0.26283811142784924,0.40939018213159623,0.43144050562026848,0.22529390883522046,0.20687301937269059,0.31210044717447744,0.54155929831616412,0.24536839748889852,0.18564828443336598,0.24625964062776848,0.41748937524180496,0.39655401047296113,0.16658337740522811,0.1661675526287652,0.33434852715143532,0.58475578367738767,0.20359578256499408,0.16887418326240483,0.23630497071110487,0.45590042053815671,0.44826967095520037,0.1653989792100328,0.15821343552246564,0.281727811612904,0.61160593649302697,0.20169764717306246,0.16287458628464591,0.205528979667538,0.42869728643734339,0.46337161506907759,0.14389673708374368,0.12585705060128788,0.25173486918388649,0.64262728168439831,0.18990859369561053,0.12705132009805992,0.17843220655281453,0.43399866024783151,0.4036124655468401,0.14571791558345901,0.1613908800933867,0.28384517774524692,0.61459292924293418,0.20283073368549154,0.18190237835367637,0.22746881605415875,0.45337935811894048,0.44107648349875,0.14050711582267236,0.15403578094974701,0.2441586869883306,0.63900693207997628,0.19775929112875032,0.17273782794011386,0.20083805461521934,0.42983242251336246,0.47748748795437052,0.12481999434004618,0.1255674451301928,0.21219186741710858,0.66639320701922122,0.18933200897831498,0.14432209180453662,0.17608670701309501,0.4048100486260891
70503355,0.36960339333970188,0.31577595008879583,0.3197427883238253,0.31064862194794568,0.4244677594491415,0.36590890641560064,0.24866386529085141,0.27541045124911007,0.33644317084629038,0.38392272553920842,0.32790336216702537,0.31437549242727736,0.30611961200712018,0.40322354526772125,0.37174157172854982,0.24828624237639429,0.28199285543386465,0.33255749931054451,0.39798111933213504,0.3248743994249419,0.32027196984171014,0.30647327655660089,0.38382584456693297,0.36500356142486312,0.25737297007877957,0.29336956414628146,0.32666681647619444,0.42799407927989924,0.24114445688329961,0.15602508141109106,0.28262106991024477,0.55920829115243509,0.33596317157563593,0.16174410319742508,0.20310765755342805,0.40181197993492718,0.46540111723934152,0.23451814075384647,0.1562953250604267,0.26875910117560936,0.55420522007823869,0.33128723337322469,0.16288660198334609,0.19672407453197918,0.38680263554633326,0.48310394105377874,0.23990186579616715,0.16683899793126475,0.27797575152214854,0.52837234892978013,0.333761788371645,0.16988838016247046,0.20783495848380909,0.37592577786045428,0.40315457766472645,0.25235839454009207,0.19271302217816833,0.26890091662199017,0.54898303652003189,0.32395382394858385,0.22501144043835289,0.23867519027723857,0.3878287635049128,0.44401124859764629,0.23801113960689826,0.19081315897153039,0.25520894708908543,0.55144967680738022,0.31096017369545942,0.22145146168340477,0.2331593132562009,0.37478851679462644,0.45406743917653647,0.24336990170586759,0.20909332869107997,0.26847753305235361,0.52418124723448678,0.31011332846378697,0.23548719435278651,0.24484295407873205,0.36394379083217476
70503374,0.34041575387268252,0.21993333165023946,0.26577054260837318,0.43147677602346657,0.44674560166296079,0.2511628697613294,0.19605736287224865,0.3137333352099349,0.42356667208034671,0.38660772315758457,0.22534821448319131,0.25549915273435297,0.39861031750153614,0.45606598252674541,0.26042472199382627,0.19534906273234201,0.30212201345635015,0.41270625142702883,0.39895662881394339,0.21685208618716359,0.25044148038726949,0.3837800759826866,0.46844409160171852,0.25441444992291085,0.18797353809528319,0.30485292755631027,0.41396225419254501,0.33485880772851528,0.11393189638939608,0.12813596849281997,0.38002884609461579,0.58352175722626609,0.17725679612999817,0.11919083755887677,0.24371465617111074,0.51819633073015603,0.38784687614665619,0.12362392968963622,0.12632805891983767,0.33725981797714955,0.59234806825147168,0.19026508966041714,0.12031088323642346,0.22091794824350713,0.50421469816145081,0.42060785548368451,0.12502004236382158,0.1256626267522731,0.31499972611964261,0.59987475315633432,0.19603788442206502,0.11729000412341319,0.22512956559903885,0.4792934879051462,0.31867945220979566,0.17587609211882227,0.20591850120447389,0.35568707103256014,0.55284987263128338,0.19287327370365975,0.20846745373865752,0.28132801653611206,0.48285407580224909,0.36971587998382505,0.17780963038151323,0.20459686047481121,0.32317562488875162,0.56301496098826276,0.19758981218402877,0.20904613686528933,0.25589049159829219,0.46923737986568592,0.39754578063113111,0.18805886865667173,0.22191101979166303,0.31037706322191427,0.55767062213656038,0.20333038388665189,0.21813767428553918,0.26706171126401179,0.43562255253533277
70503386,0.26540878065890844,0.32683414865657406,0.39220532695258359,0.41463852771049592,0.28165989672893255,0.30918523411228882,0.27632271513061762,0.40082790039815314,0.2916203330068351,0.31058726186775426,0.36030891063002207,0.37022305924063803,0.37272165262229495,0.28916290893330615,0.34520587279427056,0.28694473618817629,0.35359809435965378,0.29593124713936259,0.30698038142335643,0.40787798508483791,0.36546156183172529,0.33544893000071269,0.26737807325752416,0.37861402722091958,0.31213373943502259,0.32421867915286495,0.27554600283882247,0.2932894224066574,0.30395485134592659,0.29193136964741007,0.43016781934731607,0.32224635924349043,0.33187532426780852,0.26841491177483312,0.38767926962929933,0.33911464386128037,0.34153132547726606,0.33424323786882532,0.27383135847268442,0.38790975924066107,0.32127562807943011,0.37049260324680211,0.27165327283767132,0.3455857477398625,0.33536903976653681,0.35144896362546146,0.37001806125089626,0.28007724321345362,0.35479126664192734,0.29839588447102233,0.39871652600983604,0.2926800561548964,0.32611902514044894,0.30857727182599393,0.31912804493466079,0.2822350051788981,0.29158422502204973,0.36637631364025636,0.36592118463001633,0.34413479809430164,0.33019278926478496,0.32881526733999239,0.3602414213451981,0.3563240095570589,0.29411042473269478,0.27155752693240059,0.35002763803581904,0.36294853239676306,0.36874666849556387,0.30425926031960471,0.3158040115753471,0.36091243993575373,0.36817516612466689,0.301566117163726,0.29369776270844289,0.33338838924050634,0.34174731138782982,0.36989450614431946,0.32708983299671451,0.32068490380446529,0.33564709971673534
70503411,0.40087594591522929,0.32338516233476933,0.27391309834278021,0.33300337679914888,0.43445433463055882,0.36127814758101962,0.22291987225702523,0.25531873593478926,0.33859631661299233,0.43883123820654835,0.32961914828650724,0.27160835932456023,0.31155489869452907,0.39420369532524729,0.3847448896880995,0.22689872176498979,0.26115982132021792,0.32377171532594928,0.45148718154099898,0.32272709522810911,0.26149166686333636,0.30858707377374134,0.39810938773917343,0.39451743988632931,0.22425211110757559,0.26350839287549704,0.30747663296271222,0.43329995606212157,0.26207146638382334,0.20387981976763406,0.29091801436362935,0.49814809734327742,0.35952215893390582,0.21261220891716281,0.23671977116405668,0.37245334790781576,0.49199995731910928,0.27468283935809945,0.19294260173886738,0.2635096689217673,0.45657727859794212,0.39965428855023177,0.20505668619764439,0.22207636664844232,0.34098189675511942,0.51848923586900175,0.27071739105790288,0.1775606239011106,0.2522368156967974,0.46023324015462608,0.4106070838940522,0.19001171055852584,0.21087021333253392,0.31897695430912942,0.41578080365762987,0.2632558077147904,0.22708871342928186,0.27522467475195128,0.4820976500028305,0.34613288627242861,0.2910756032308438,0.26085554989884641,0.35427113597761839,0.47250326263834241,0.25277303035812443,0.20400113989998414,0.26130061284657374,0.47816243158991195,0.35975635985022586,0.25927899013423394,0.24126414955227773,0.34562123477283335,0.49929826957782225,0.24729366107618383,0.18974140554114718,0.25311007358912552,0.48347785416532063,0.36538326756501344,0.23713079659720968,0.22931989584431139,0.33675831400211609
70503450,0.28331378838803595,0.30717456907356927,0.34787118483642765,0.37282188649636533,0.41335165908739702,0.24772141092267411,0.28313695020089347,0.28538220109155632,0.41416363524980282,0.3172084864651093,0.35677934592988408,0.35391278185608332,0.31458424172305638,0.4118343802570909,0.27413834121688585,0.30751208232289323,0.2722953907599433,0.36660865275369814,0.32060105456629429,0.36188478193123014,0.33710541378632347,0.32568930483969011,0.36794592812823856,0.2857753085813049,0.31863051228866696,0.29664609719124907,0.37411859682933385,0.30822346926581828,0.21159902982850343,0.18832510420289103,0.30926818078500806,0.58218683727061271,0.197607222791475,0.19034271213325335,0.21231091248138387,0.51943678419573369,0.36054600988065272,0.26864458048130041,0.20525992981454305,0.26824303917175218,0.56045408552661902,0.23707089260581787,0.23091235504871774,0.21640131312347535,0.46183248417125122,0.37328159700104613,0.2764983338332071,0.20984743239723183,0.27744821759316418,0.52020770124063642,0.24939685276185047,0.24541742119856247,0.23504724119241299,0.46357770324269459,0.31727562920267516,0.18469697171891311,0.17924441756582443,0.25958304595382997,0.60222841093330659,0.19280156718074432,0.2533419336961904,0.21700995313306382,0.50456348513428262,0.36629717860227939,0.19477384379656842,0.17772448655350725,0.23311154048881708,0.5978951369911647,0.2059627678657483,0.26808645801481051,0.2110919645859908,0.47500852970371804,0.40451654058359715,0.20465052336079881,0.17602283187382434,0.22665427193217128,0.58361095676909069,0.21715751079261789,0.25408971516336548,0.21403191627292542,0.46259911482243049
70503492,0.34800856816102432,0.28092478267321647,0.27759661213956593,0.32893619886302661,0.47368356363665126,0.30772317831030765,0.24689058223543692,0.27964859128639102,0.39558111704190968,0.34465570834949155,0.27789764513982129,0.2893139743945603,0.34919559777225911,0.44045995770014773,0.30495038061753227,0.25542519280472287,0.30211642111484072,0.39348331059706448,0.35395919824491284,0.27069119786211493,0.29217279836184284,0.35414300232843299,0.42440483594279743,0.29026120286648227,0.25002177337887815,0.31868073336445651,0.4027624731118663,0.37869913975559222,0.18623401206884208,0.20863450820112586,0.25745611061213763,0.61535793053799615,0.2303565751910901,0.20568978501012344,0.20586322450607092,0.44235092920181313,0.39465831151735453,0.20058235902392518,0.22399404410158602,0.2773854578806686,0.57576210127952088,0.23971473816708194,0.2207402760819204,0.21945442011820943,0.4370856100446831,0.42695331523627972,0.20786033375664328,0.2255448470598497,0.26198830521677169,0.56519701609201511,0.23693751219932013,0.21604522710018084,0.21693270612558879,0.43089928454499993,0.23865369360614652,0.20121106517756396,0.55787123003547423,0.17449166540290806,0.36087888830990444,0.20288434191759766,0.50684740599220379,0.24603156483924266,0.26845746077045418,0.23563965806869577,0.19671349603263041,0.58276417342494058,0.17051755508138661,0.31876168806477723,0.1929372211011883,0.52438210237658867,0.24376236211704322,0.25269934486676088,0.24761267386726912,0.19541401102772055,0.5820848950499572,0.16789520691935872,0.30480237928406179,0.18896566392137662,0.5329461959852424,0.24452727206529309,0.24708691759642615
70503523,0.3689032447876161,0.24606596279953702,0.26583596153005157,0.30308916613208281,0.52091582375442014,0.28503847116632997,0.22638057316219376,0.24996513635306528,0.41773097021748629,0.37197495947283621,0.2562097028593619,0.27263569497945916,0.31818032619765224,0.49005293335500538,0.29387998444039309,0.24418893638478864,0.26326408221767877,0.40616341958868324,0.38534985905780189,0.25563355564607748,0.27144962987474358,0.31875600434092866,0.47763566640415878,0.28298143830253508,0.24114189387177851,0.27133171748820079,0.41337879264287214,0.39523256470990709,0.19110678613999191,0.21255056579199028,0.23955271712694517,0.61493104154760003,0.23089837112583975,0.21328612981981893,0.19971708263528762,0.43344437335408703,0.40658041383829224,0.19930000222459687,0.22532711667795419,0.2522184337641748,0.58735692886183111,0.24103421091445931,0.22778844066320036,0.20978953512218554,0.42614614517037486,0.43016530611196285,0.20979733624613445,0.230592815792939,0.24646053517703456,0.5744708994906581,0.23852813403455497,0.23148965106627473,0.21363719747763857,0.41338388237426787,0.18692506870263853,0.17662757249082389,0.63339213776854331,0.14536746153932437,0.25944230101537408,0.16834634845316157,0.56600475666120498,0.23499590162611289,0.20077139369834934,0.17968121385838828,0.16786272587556153,0.64661400544184977,0.13893818463179608,0.22879084407328731,0.15404982957713478,0.58202969509382596,0.2280929340566851,0.1877810258906942,0.18555407085234477,0.16710317606263494,0.64314112010223357,0.14143735378125719,0.21999993810724675,0.15124556987642512,0.58939469587547988,0.2302876474464223,0.17977062659015988
70503564,0.35951397400073942,0.31405115096593966,0.2844804294654486,0.30129988422926524,0.4569364388294897,0.34612411970912577,0.26093152862042351,0.27023644399274649,0.36153148479910202,0.35719953296633872,0.32422941566110131,0.29414924185257446,0.30844194870530728,0.42085300856326369,0.36073615904832612,0.27651260196170013,0.28030251839002074,0.35120791652903977,0.35761121042945138,0.31191554115574105,0.30044617712119487,0.32388870460716013,0.4057409809554241,0.33112915630825807,0.27295731341383339,0.30732775373291593,0.36935457236125879,0.37806131672394239,0.20277678040534641,0.22567799933064314,0.23608468160364368,0.61872500844825018,0.2363381566423981,0.22428025158780979,0.20795789339593895,0.42078520694747074,0.39186355962683639,0.21994198517402896,0.2364946521561449,0.25171464397605126,0.58842761411528977,0.25853998772610348,0.24022882331139614,0.21865103335044672,0.40021285734246115,0.42408950179929272,0.22464533336467651,0.23506683846045093,0.24139489564454711,0.56830855057976315,0.24535840658527694,0.23623030850276552,0.21730642384187046,0.41225288713838348,0.1898516445436052,0.17229091685218956,0.61759046314699273,0.14450581149834071,0.29696627701995532,0.16295315478915265,0.5600226636522726,0.24044238239409965,0.21398983677258857,0.18226956970774669,0.16709088431794031,0.63507802379387923,0.13914225696231086,0.26459864787996945,0.15296832686012501,0.57587968443358017,0.23512639530858115,0.18931502954051993,0.19827058556142596,0.16790814468579446,0.63093816272799874,0.13576047711965977,0.25251810839264544,0.14620570650182821,0.58489842880298015,0.22784381695126518,0.19188868585931801
70503633,0.26949323912253631,0.2740267791892243,0.36342083149147836,0.4129121020302759,0.32424070374436464,0.26789643737710978,0.30480866261749689,0.36794682866750683,0.38015506393959447,0.28350516168658985,0.27525646355073818,0.35332919419761044,0.4016387967652838,0.34746419920284799,0.275262346762981,0.3054436241058115,0.34963737530151823,0.38165509251765167,0.30279015295296352,0.3138925599882964,0.36735422823982655,0.36198054495831544,0.33106884691234773,0.29247720780680175,0.33242940638987395,0.34939207220149654,0.34070059500288741,0.28698411996925427,0.2541161789048767,0.34071844922071642,0.39385795239451954,0.36474924898874844,0.26765974690845179,0.30580567526391844,0.35992233142030156,0.39256461177663593,0.31095766388020868,0.25679060178147306,0.33188950350770474,0.37533321238209588,0.38656347475724417,0.27321803836896447,0.30784026145787297,0.34626283000861741,0.38418127724676832,0.3400400984432993,0.28948350802294992,0.33399650463934488,0.33621840414706439,0.3815155605827602,0.2933300984980749,0.3286061199273409,0.33612986541208201,0.35130272178945943,0.31749730100061402,0.2448018244971083,0.30989045169955659,0.36754976086814384,0.41605388850781438,0.27664534705214794,0.29848672568332701,0.3330254153738989,0.39813170862468905,0.34106414641053534,0.25238757136347023,0.30470230974691936,0.34955230878711685,0.42993051852857661,0.27822717972768302,0.30335274712558402,0.32641814154139814,0.37963551430143894,0.37745490766960743,0.26678625850947452,0.29217069898249304,0.31184080872342551,0.44368309710916504,0.29544559547738131,0.30735823251547401,0.30448196455686222,0.36390015414472382
70503668,0.35230784457143355,0.2660918855797359,0.32398221674945366,0.33014387932996841,0.47176382027661729,0.28010926004902598,0.27049363811523558,0.25477135783734922,0.38989390584688954,0.37342946928088316,0.29065703179829872,0.33192652203466361,0.31913576014713257,0.45213026455223854,0.30578832909245274,0.27024994295636773,0.25219265915837358,0.35983551474370656,0.35689406711585031,0.3011150693404529,0.35882557263238568,0.31295963101866797,0.43045916653939975,0.31022741237481621,0.28278551775960015,0.26383538906673987,0.35234058729183243,0.32094175375203582,0.27450763556895719,0.3318892243117898,0.31399581962949924,0.44531478568226596,0.29469044832848657,0.3191731749180059,0.28082394950274675,0.38342767023582786,0.3456205752468251,0.29413418045167999,0.32970593621586147,0.3018000108152043,0.42436491442971508,0.31050698119126363,0.32403818521506483,0.282753707288742,0.36440590737843065,0.32710654263061811,0.30655312200029622,0.34747142274571657,0.308372532677894,0.39850607919340536,0.31459407533829048,0.33695481608575428,0.29705104131510202,0.35162775049281031,0.30465681967529784,0.27416831205490971,0.36384660156292103,0.28350806569124926,0.42806380826200868,0.28703362080793737,0.39118556750420808,0.27232868384416875,0.35558232420373265,0.32302781648248824,0.2871176611487456,0.36571241933119586,0.26752361081561488,0.4047743411055888,0.28023114431550233,0.41250123487210916,0.27128251387265123,0.34896815892426103,0.31402166993646619,0.29471286180463907,0.36311127206559074,0.27988765091256351,0.39003672561768044,0.2859892018912174,0.41167034515237194,0.28848128771628445,0.34312595018125841
70503722,0.30399705080999023,0.31314517687792881,0.43631870609920287,0.31745832547390268,0.43360159342958787,0.26669686868075543,0.28704630859745633,0.26382427375536716,0.32746855871010039,0.33114369004144623,0.28522293166160417,0.45638730773390052,0.28125757711588684,0.48084284711185943,0.25605300979010331,0.25245840775849071,0.23210993520479198,0.32743432151632024,0.35590647440536904,0.24484923209275844,0.42946326453839351,0.26547107921295066,0.48927088367903038,0.24881868908939961,0.22016769154846003,0.23112056725594632,0.39405398473298014,0.36291152772118268,0.29547320399231697,0.30730600981160178,0.28783391994662116,0.50892823645780438,0.27283852852718443,0.2867179424710532,0.26110225690498196,0.34622976340625106,0.39652695983485164,0.26892479110294359,0.2675973920902095,0.25599513519923273,0.5485581502002973,0.26887842421984243,0.26416897012470941,0.24428984058482908,0.36142703437982721,0.39264878566329248,0.25040982365573539,0.25811337516019883,0.2528399313108699,0.53484226561826453,0.26506048256465586,0.26753599681731099,0.25724109055613181,0.39813249861759042,0.3615579436077847,0.24968777447819329,0.30244225597234303,0.28238229386537456,0.47878788544264173,0.27588132401930149,0.3368175505608092,0.29516432486821548,0.36028376013553198,0.38333042405744489,0.236207020029575,0.27756974105609983,0.2709602410521188,0.49080525375547712,0.27300358092266236,0.33172072878617287,0.28749948640180345,0.37240334289868704,0.3735870768609969,0.23691657260418633,0.27735731745153175,0.28320747057220802,0.47317129214133535,0.27910298616078261,0.3289742016849504,0.30140601134052769,0.38250556595293628
7545556044,0.38075991282931687,0.34866066348338048,0.30942014086071917,0.24411283258922647,0.44595311443331248,0.36000600821450085,0.31363675096258126,0.25372586795865737,0.29479210061764655,0.40171346939052793,0.33876063990540872,0.29097375729777808,0.23106947951293022,0.4627717671170582,0.36072515310712849,0.30520763611573998,0.23269405943094262,0.30696921614599088,0.40864838024663264,0.37825466195239588,0.25777491471960645,0.20175904121918867,0.46439190482233883,0.39567782467055002,0.30654620128198473,0.19775765838137427,0.27834481381359039,0.39260100571146112,0.29191936910621119,0.2836012529219718,0.22228514651519371,0.53618622718655129,0.28280382251183617,0.3209247177431197,0.2337990796537199,0.3250827613797273,0.42392318893615455,0.28400460090162949,0.25580780526633479,0.21605694834917932,0.53164286589208809,0.28433837800866263,0.3115953162167508,0.21740947282854969,0.3459209345625997,0.42819715600908309,0.32074385232335745,0.23299549093907443,0.19415754232126384,0.53386524437011662,0.29945359181616149,0.31505050929022982,0.1986141107271443,0.32923786664457211,0.44285182321445982,0.17693057720631511,0.25689230074658215,0.16815430823715463,0.6647576534067049,0.17093857067089463,0.25309712834988823,0.17403701515119094,0.33591446203035547,0.46607380146432675,0.17398720376712937,0.2435095344533223,0.16352424293853787,0.65683637260567762,0.17261333943989896,0.24554861393391025,0.17139240248648108,0.3399525273399624,0.4860418213471781,0.17498663087878288,0.21370611068133383,0.15674743776860905,0.66687306475493957,0.17072150200971475,0.22801972041605834,0.15957267955645471,0.33403743654291118
7545557102,0.38418041389916047,0.39524111069571111,0.22539005653172964,0.22479728611860031,0.40173307809004671,0.51708933013161895,0.23846022016085933,0.17919084587305625,0.27769027331296986,0.39401228832454788,0.4021004761700952,0.24073585810440945,0.21555465056074383,0.3844209939765168,0.5213625941678055,0.2386958805445793,0.17832241035863478,0.26510165714218237,0.42124674687111918,0.34197330306388501,0.25821379574095704,0.21481582354320017,0.43706609815831959,0.48869232558157077,0.2243148019970756,0.1743990093261682,0.28671608272094173,0.40380367567052095,0.36806728340452222,0.21334253052923002,0.24653841300263021,0.41476350200729273,0.47637818801035936,0.26832097693373319,0.21650640809723168,0.27809480135650588,0.41117423970835043,0.35675434782028909,0.20621260922485737,0.23791015364452003,0.43610311402131047,0.47877999689912187,0.2607212573711602,0.21104739251495649,0.26945203122772493,0.43687426324541212,0.32982034702712587,0.1927840399765233,0.23461467027930183,0.46239060641765706,0.46272608221882605,0.24068363879639934,0.21011408796605974,0.27955791993833246,0.40364666147046835,0.28880851339597541,0.19497364778591433,0.24989402819825696,0.52621778342694336,0.36651340729245196,0.26547937231242125,0.21174119913202413,0.35587411832781707,0.41699642343344273,0.27357365676766865,0.18698643834515935,0.23917630646776375,0.54378250733762601,0.38014719725817969,0.25866539074514738,0.20908543558589809,0.32903856632325357,0.43797567726122577,0.28685308525509262,0.17948801964084529,0.22657479654202026,0.53486650383440237,0.39962688757736092,0.24932211382480385,0.20626568002733889,0.303067054824813
7545557650,0.24673489818011629,0.2589581267455206,0.33223894825598582,0.41173715092805424,0.35040668989350632,0.29693448710544662,0.22896801201649708,0.45850985726440097,0.34429607022093922,0.27332567818382364,0.27318522599563227,0.32319799603136218,0.39753092749539803,0.35937390306637546,0.30024543659696262,0.23438244468987968,0.43819039556341166,0.34918795755257998,0.29187456587534277,0.29374401490492691,0.31420945517365084,0.38897317917913921,0.33163844246877927,0.33368396107295079,0.23610835148985729,0.42814449355580486,0.34367434739159092,0.25150526404226281,0.27670211514984977,0.25638979304134413,0.46168106415397148,0.31149294600421107,0.30584722296580008,0.24851380901491282,0.4501166605816353,0.35547348584616595,0.24798720027132365,0.27499001487800145,0.25309034393617191,0.48661068459857576,0.2810362765608207,0.29372792335466108,0.24445467223124445,0.47059795422210904,0.33994138598009233,0.2559871466872819,0.27214301813093844,0.24527696503184029,0.49296781052115185,0.27096667379671124,0.30001210292104519,0.24402821410262876,0.47457192816453425,0.33020026019342608,0.27617858222816183,0.28162556169521913,0.28830403051641745,0.4526943150454919,0.29926772839859617,0.30967530814504318,0.27692857477969701,0.42440302823361803,0.33777763232811375,0.25640614201304757,0.27010829299905337,0.26988618027282657,0.49327655688369243,0.26403734135577456,0.2880653750612101,0.26574410825170702,0.4580347668494999,0.33469974513027673,0.23585231833700707,0.24084099179698512,0.26358189915577462,0.53470724692211247,0.24086207261498704,0.24495868557881809,0.26028587471845327,0.4758649000157924,0.34462529802516545
7545558012,0.28387201481633789,0.32383183888496381,0.31196064984155031,0.43880919205173269,0.28208180628789475,0.32306376785421281,0.28316086154835995,0.39825774127452496,0.31929141966149122,0.30001788465201812,0.35289985990129058,0.31413509162382502,0.39217057841310682,0.29689620216641072,0.36452807589885505,0.28919078379657004,0.36511209171826542,0.30823060963410853,0.30264824404074409,0.36495362368425094,0.31831587083400414,0.37263801327836371,0.29560298791798145,0.37705197854521377,0.3043552068151717,0.35094030601997073,0.29948003152309211,0.34975935504948724,0.28846067041318579,0.2611920592828671,0.36150689100230388,0.4303663715096977,0.29871199585202424,0.28715374201645721,0.29307641437390758,0.39083906492327319,0.35780795628280559,0.28272907484994414,0.2644702827456501,0.35246179356974333,0.44445742415675482,0.30171955883115581,0.2818755504623523,0.29287203112682303,0.3795509634008189,0.36090204115892821,0.27920322419056792,0.2726117759800824,0.36319928413037839,0.43536661655868375,0.29764841386397956,0.28310479200499861,0.30022975781548195,0.370323460501637,0.3103262759556194,0.28352765012741082,0.32482705094720887,0.28074966416570485,0.44551385214460049,0.23957391256150531,0.41237434393608458,0.2647065821329222,0.37812200399386409,0.31162111143469062,0.27540876219593774,0.34152233106924845,0.28101937938942434,0.44953147881997818,0.2311367239210613,0.41451533973474369,0.27772095345820846,0.35634009187027871,0.31650901175986573,0.2695583043792153,0.36012380498089269,0.27831761464236737,0.44329103648049401,0.23541068247816035,0.40977172459118394,0.28863516327818484,0.3418512084041303
7545558164,0.28658920393083903,0.3565940471588579,0.34310510948245976,0.37669776011880524,0.28368434010237592,0.36125390656013628,0.327431284929178,0.35180875903473374,0.29853500020773127,0.31188234473576354,0.38292116552049854,0.33973982625503357,0.32717897527448747,0.30000943776241379,0.39102946045214226,0.35459387098122513,0.30056863310296045,0.27320967316736583,0.31148423198852371,0.42472221281817873,0.3203109044068238,0.29384588508005366,0.28220421582984295,0.44012814957422886,0.35311482006153588,0.28022184833547759,0.23890951877295774,0.36482168521527886,0.27532612786792354,0.24667583590803799,0.31896367528381997,0.46933737437036299,0.29234020659607879,0.28680974727921055,0.25697734454151433,0.41770360496108383,0.39321654859566429,0.28015169192396722,0.25199779846504683,0.30020755893318041,0.47298032477456947,0.30681383336675516,0.29260794369196397,0.24762424331522856,0.38533881970590406,0.40312626166850035,0.29994352379465644,0.25578105058794171,0.29711239256558603,0.46081345627422071,0.33733254830337089,0.29243721889032509,0.25342377430238749,0.34342094117953298,0.34387067714338138,0.26034468307706998,0.31615935121585331,0.27184204096423337,0.46466415167440445,0.24867720832853626,0.3804714754191254,0.26582777327561735,0.38333103721959161,0.35658943504080831,0.25811443771685583,0.32724054462313373,0.27006702047374909,0.46140559623490301,0.25116842159073272,0.38216447594835429,0.27201356274567423,0.36079989735079371,0.36157685507947118,0.26264918538603871,0.343490753286602,0.27279099512993071,0.45635421693093836,0.25997068933652367,0.37963703120357251,0.2863713400767201,0.32542279612189701
7545558604,0.24133003086166435,0.17733025034158634,0.32843392373332803,0.46009356056605127,0.37037527957716304,0.22970496233119855,0.19626241486429993,0.46360885592765855,0.38388087878379351,0.30179939343360085,0.19811220407506469,0.32594048778984963,0.40804703345931148,0.40162632895616568,0.29461469669040147,0.19507624708369517,0.43214980513705969,0.35216381879045594,0.30177086474968212,0.20561068687663545,0.32500981206813478,0.4220320376437634,0.36517342303666378,0.29204982486720071,0.21353624250089107,0.44462824336674905,0.34782096681281721,0.2500408715052706,0.22907650264371285,0.23137464586845674,0.51427838571457851,0.30275452885077742,0.26197510737889884,0.20617197416408525,0.45151550874294505,0.40040307721693719,0.31802364058568727,0.26741744372823928,0.23167440181670731,0.45220234496902706,0.33709274205165712,0.32224383653406236,0.21247150022157643,0.41222760376287715,0.36964920148896313,0.31941073740289022,0.26861489342150663,0.24746194098531255,0.45807903488063195,0.32456262654742912,0.31850417285160221,0.22038079955860213,0.42052508886721074,0.35007733650077172,0.26636481257333022,0.25629794264986244,0.24242880713515158,0.4877962930132862,0.30943340206347403,0.297378211434011,0.24198574819026517,0.41089974321587375,0.39378377046016749,0.31808007998950877,0.28902719514484176,0.24014614876438414,0.43144709689407224,0.33460913696598044,0.34140128514686396,0.24774146066629724,0.37872971477491929,0.37167381112290143,0.32179230563601613,0.28504025483786649,0.25235702239962765,0.42101495285690937,0.34737187503769823,0.33920674531417649,0.24545528465421845,0.3889147335878621,0.35641646250442216
7545558754,0.24903502297556293,0.26015643310300107,0.31390455829234987,0.44764228786721511,0.33345033915141148,0.27996604836239031,0.23928319553653413,0.39026089000585312,0.41503055079012829,0.28272091625459606,0.27725482049167766,0.30963661606125503,0.4346679196002774,0.33021021614470131,0.31157117563683523,0.23535247867284476,0.39403311941335811,0.37632343587540495,0.27519251408181217,0.26691861186146332,0.29267269935821116,0.47061329644840444,0.30047082379512663,0.29168669032381556,0.22476379211476805,0.41399026448500759,0.38551108703959286,0.30027261131505767,0.24920795405970594,0.21477889026461916,0.40884453921525815,0.43390580009119245,0.26929738725423191,0.24857343520125871,0.34032678244897163,0.44276575853630634,0.35234960148438521,0.24493987010956864,0.20766937150769643,0.36952961553469577,0.47634896880849764,0.26905284632162119,0.23899942659023315,0.32278898286533464,0.41900390852979857,0.37119727920182494,0.23569171390409674,0.21067183182204016,0.36862998905216204,0.47921991840350064,0.25749154864776325,0.23161198069503855,0.32117182395313326,0.41670399309990075,0.29085122015752318,0.21627417535692486,0.20341242358523789,0.3847472945540904,0.51113628343525119,0.19668239367351115,0.22738778383735173,0.25701513532259007,0.51138800881502022,0.33184744336344874,0.2199705940396732,0.20699545607912892,0.35521343267394584,0.53196326794469428,0.19663305635738126,0.22980006832292002,0.24964501431355873,0.4854753532324444,0.36960489150218617,0.22612119126220784,0.21765210799008158,0.31832624113998809,0.55144534004768153,0.20283426429780535,0.24204440764506316,0.25122396008702125,0.44342384829272385
7545559118,0.28975684730092649,0.27163671598777706,0.40980816320136992,0.20751762261426923,0.45125691287942926,0.26898100139165965,0.42346557204122121,0.24640780302074619,0.33944759615001735,0.28943374435899621,0.27663286434674073,0.39863517290942013,0.2046319479258937,0.45932091924026652,0.28916825174809263,0.40908446284980393,0.23323596940356203,0.35010713646940317,0.30482400757058908,0.29909774166840541,0.41095870522453265,0.19872520136423319,0.4012561406193762,0.32717016421259593,0.45808366624005475,0.22167433248495372,0.28673527340653571,0.37003508039989136,0.30116810270545652,0.2770479735676894,0.24768589307494146,0.4828282845863241,0.28256478271252156,0.35386691205760895,0.25202835816635588,0.3640904051554103,0.37852820908293122,0.30920517696260741,0.25916645224572393,0.24488073948767553,0.4721031471842535,0.30454013080770875,0.3583501917463649,0.24215532784366905,0.36234593454557557,0.40248121305848811,0.32191721735423356,0.26213492392401749,0.23544861354096938,0.46037213861130355,0.33821864603432694,0.36197918155162612,0.23591151882771508,0.31178496425539043,0.32239986022127193,0.31453768238178037,0.3393523004124237,0.26527617767814038,0.41668844364869567,0.24474441001028444,0.44687845857694858,0.26942807324628337,0.32522607474475523,0.33720436957147554,0.31790866824612884,0.32227953603923837,0.26738163792995984,0.41887293087513583,0.25929064991519812,0.42763474863187839,0.26770654474090094,0.33562746137549276,0.35594836666059371,0.33112155528924087,0.32340026776617348,0.26403651854111926,0.40920836946404004,0.27718973870111813,0.42590602684961226,0.26993421134164591,0.30134727860862537
7545559392,0.24857675779986507,0.23608513602708622,0.49315727488660749,0.26624112517116477,0.33522769232815686,0.24973133803766831,0.43231588891046868,0.35352111131847702,0.2859499972486132,0.25908567955402934,0.23731287323059416,0.49842246353184178,0.25652112866280369,0.33001224191926387,0.23540059188689361,0.43872099162490785,0.34883350716800809,0.28956296341165727,0.25127639930063561,0.23353540090080657,0.51253120438481337,0.26277429177930212,0.29932985582976085,0.22236019350495981,0.45834494311307611,0.34995304461615817,0.28105723620919965,0.33888703199132775,0.2496713077254134,0.32959278660946545,0.29179017587347766,0.46421534283910887,0.26241718147116772,0.34641894802032652,0.32591369049944457,0.34418368660972209,0.35081319288767004,0.24755144049422523,0.33718520240420197,0.271488360364043,0.46698497241814496,0.25022512650783696,0.35465248899012347,0.32426260704909488,0.34152068697440185,0.3629370729189787,0.23144943233956378,0.32718685138197939,0.26530795388618111,0.50649974451192226,0.22706814914915482,0.33819672107832133,0.3155114661641526,0.33947288491758904,0.33116033921303989,0.25497541026429754,0.38734816051968624,0.26936126587784387,0.46175210071927342,0.22002800034127359,0.3965400041629964,0.2781241419149611,0.32634633775663674,0.34651860410707169,0.25590896026244692,0.38870030307403858,0.25092837536512019,0.46485051146474865,0.21684531249145264,0.39359481177879052,0.2799162809084379,0.32249741972084256,0.36061671244881144,0.24333915713794732,0.3756693765825655,0.23655822285556422,0.50443790053547533,0.20708420373888681,0.37386035551945085,0.27322728321732398,0.31919927758399613
7545559752,0.26510921552902739,0.23504090075152675,0.52954366977681133,0.27266869948917721,0.27107643556798794,0.29162977708905424,0.34098441898098536,0.4332371269442753,0.23919239560528563,0.28679329976071893,0.25808296041719364,0.5091115417787655,0.27065322942530101,0.29085041651114535,0.28315094323966078,0.34594819441661057,0.41540977622476499,0.24835696976601182,0.29639890055727264,0.26280463283706773,0.51232703364512822,0.26611272459609442,0.26939370823623104,0.27722596434830749,0.35779218600196072,0.40659106301319775,0.25889705554271225,0.25179499249925585,0.27961584320392568,0.42115026533634531,0.35266829635685737,0.24426552261779175,0.31281789702311869,0.35244513879045641,0.44900708563262237,0.27078803121090089,0.27000072104671591,0.28898859270120791,0.41807131208241727,0.34183839213354789,0.25652045250810301,0.30915533057957284,0.35753873272009318,0.43815146119927856,0.26600315146855441,0.25678220844410965,0.30234266615979233,0.42929764603527476,0.33565849723181546,0.23542537124775548,0.30674080977656187,0.3664214271509309,0.4418766533785059,0.25817443050033551,0.22634440228068975,0.29592204323784232,0.47059399584466338,0.35254956443847646,0.22719054558899612,0.26457811822557481,0.42010914131664234,0.39024244913345613,0.25504990881936529,0.24686500909338796,0.2939014619751637,0.46420554448068863,0.34141078463036173,0.23746073769227416,0.26937546692878039,0.41576790943065622,0.39300094489429283,0.25370856158462729,0.2359212845404616,0.30924266615003532,0.47159702770530409,0.33173022994430085,0.21469605173916542,0.27435542317627409,0.42156741279721222,0.40006892367751001,0.23900186000130696
7545562786,0.2753747062614737,0.32002641425865302,0.31790735749329274,0.44680139064346169,0.29039196157924502,0.29049067679726032,0.30341129777691006,0.37431450689892842,0.34666005623012591,0.29255688346758291,0.33922863204728598,0.31727314125637651,0.42440741630172818,0.2932092454665714,0.30173001687297241,0.30567775598938696,0.36421674156197803,0.33977213349254204,0.30748768485288347,0.33127947492007831,0.30781248339768508,0.42299090083812835,0.30521057046529476,0.3097863226998821,0.27706788183108033,0.3655524340848279,0.35002734722914985,0.3322841742006038,0.26843679567080009,0.21531187318983114,0.42788736695027013,0.42586563424915125,0.28685172360353323,0.22100601451614232,0.31378211890090763,0.42087263406749148,0.39269018503927994,0.29294398545242073,0.21872345316576436,0.36374745083445847,0.44544036117260399,0.32061591900671838,0.22163348597248933,0.28043589568561167,0.38839244718226978,0.41485630407289642,0.29128574056929224,0.19895387918675661,0.3487783367568752,0.45445925764558515,0.33725232166542207,0.20132926077473268,0.26416394063862858,0.38888233952695184,0.31711001716891735,0.27717799525818365,0.24568630800936336,0.39802821259470145,0.42979671265056996,0.269029445081719,0.29212381832794876,0.30835635180435961,0.40780306658482762,0.37331751807264746,0.29577749112686502,0.25094655462747534,0.34222165659037918,0.44023277172302944,0.30508215688649276,0.30376526706582435,0.27521027435665024,0.37170661653597437,0.39338470587429258,0.31150635080051725,0.25591179557898874,0.31312441859546553,0.43139984881435767,0.32202794734731321,0.31848264784369779,0.26153286339587956,0.35360435768208587
7545562976,0.25078226991949232,0.28415185326598558,0.36310993199595859,0.45353652745100931,0.25574933300401992,0.2741208295335234,0.25547141818839603,0.4822454238830316,0.28362918852495922,0.27901985977016169,0.32798693367749904,0.35880707161575526,0.40892630117416223,0.26882274707947484,0.31134825121213666,0.27924914745792345,0.44550525276134795,0.27009410171217468,0.28232553760447998,0.35006418753670843,0.37122865029957386,0.38292123459913263,0.25823904312864632,0.32051784132011529,0.31335803001644824,0.41836529682807133,0.26583095048192273,0.22987099122785509,0.2529597175365339,0.27996372588073148,0.53439205285089864,0.23569307134404008,0.24737159815219065,0.24080511735805021,0.49461249560199533,0.31598036230179066,0.26941306738552123,0.28877117181440326,0.27889724012694933,0.48897325069272229,0.25773301183243652,0.28765082238199524,0.25843733532050844,0.46579889109085787,0.30695525077456609,0.27817285544766368,0.30121364704794762,0.29533557823410972,0.46504080459137337,0.26046737260983732,0.29155651483796757,0.27845924718698201,0.45462889898344194,0.30220638136362332,0.24203063613318956,0.26346688928557532,0.28599917901523814,0.51919349374387513,0.25052873495778216,0.25618636240014536,0.27979061024925223,0.44654481378285121,0.33847864191143762,0.26832135865779366,0.2725770880638565,0.28100699833824816,0.49776830977137237,0.26698264273016309,0.27357128746562098,0.28103176566784421,0.43482263355383366,0.33585203716373796,0.27606720902339499,0.26975637010892251,0.295637302608175,0.4820341056024105,0.27709736035042343,0.25842970963875567,0.29684033998922066,0.43605568916679921,0.33080580582905295
7545563186,0.30954139747987858,0.20175687145623036,0.29447291990723967,0.40704283644294803,0.45424667448574235,0.20448375825912449,0.21061611681752959,0.36148347607874348,0.43347088090373248,0.32875235257166163,0.20463466063559249,0.28850258321823241,0.39138150364224911,0.46922336524456726,0.2051243318113464,0.20956888987532707,0.35245787731256556,0.42806667671227044,0.32548526128535749,0.20528358674427408,0.30600416708030703,0.39943717270832951,0.45677709091634117,0.20432693739844132,0.22450403991532861,0.36958830740087323,0.40166775678349059,0.33251107545256003,0.16474164610315717,0.22308339219007942,0.34445762625336157,0.55425324312891844,0.18961924732364605,0.18941753706173828,0.27716757334748648,0.48787941243015648,0.36411120307385986,0.14853442478548703,0.20610559976898943,0.30400853940260231,0.59658214736949255,0.17976725864514492,0.17040870074315154,0.25203179329740177,0.47924331528444802,0.36111617391422041,0.16681461873683442,0.2319902246360088,0.32126299574463435,0.57943487894233947,0.20143309170740445,0.19550745903601716,0.28202591542776284,0.43664258334404848,0.32540154383282849,0.22495259170939705,0.31135485419458858,0.3056291274600863,0.4992876231154928,0.20486227792989792,0.342005352307863,0.27138539308624476,0.41386563768605095,0.35224230751869545,0.2070983437256102,0.29654560877346192,0.27974344098367215,0.53402943287693749,0.19941049137185107,0.32213375151843165,0.25275904341145938,0.41740946075553514,0.34504804613029982,0.22193238388739941,0.31519606671006473,0.29330418697452826,0.52020263026102354,0.21383348478544412,0.34447805233097772,0.26433420775271027,0.37608336848046542
7545563574,0.32074778301509349,0.29835903444651884,0.38160939446893355,0.2715540554211554,0.44241581416907261,0.37031554262596911,0.33897435788830127,0.23142958215032972,0.29564636068391609,0.35805427475628882,0.29277911858697747,0.39071863351682379,0.24308241377838219,0.43098747246824159,0.36175768481100284,0.32821880151620553,0.22425787746505343,0.31573626689523548,0.3376325553186173,0.27338287021617619,0.40700824295099086,0.24364065715626909,0.44086679916950094,0.36378242381999742,0.31354393198492558,0.22263992868686747,0.3341706763898436,0.32007466747376179,0.30071496719007723,0.35838074103890838,0.27230380255426379,0.43668273886607256,0.33844046052351984,0.37422117540276012,0.25611069108871842,0.30605334640553644,0.35962884155835734,0.29494104882872374,0.34265101190210973,0.25019409624076783,0.4449472574569065,0.33150194263236654,0.35371666247310335,0.25541305742798787,0.32472626908427027,0.34336346893184322,0.29834050893676073,0.34976112090951239,0.25899883682415414,0.43918894683965309,0.33247527809500321,0.36063577290349003,0.26415201168734814,0.31689119410611089,0.31535012190471257,0.29050420909498437,0.35260703613192879,0.27450164893149542,0.4326350082474526,0.30749430014106238,0.38973716280745718,0.27056783924658151,0.33113578563487656,0.35124006041534278,0.27827032100870996,0.32936693172991055,0.25922786881636017,0.44612462656985352,0.29844011442879681,0.37419614995816652,0.26616152160820294,0.35292488257985749,0.34156718340708159,0.28141914382973038,0.32095480864663478,0.26505381531306316,0.45524065979441508,0.30813978686433829,0.37312964278858773,0.27074045885863179,0.34080681630558612
7545563786,0.26886356549124241,0.28637049499003525,0.5992997277949379,0.19870286151317684,0.49456506784734389,0.21705463752929977,0.21218804227838142,0.19360093042669052,0.26990529367963723,0.29573611550961976,0.29741208127655117,0.61163703130010783,0.18495248815401344,0.46303867414104877,0.2114532096610445,0.21504104162547757,0.19044494082631591,0.27230435651300117,0.3256783475287674,0.29429976980234801,0.59713938306185876,0.17393658808924103,0.42320940224951487,0.21559735296505847,0.20212359814845648,0.19744130371829433,0.33921436293993062,0.32190669040489323,0.29433836345202391,0.30255436934864677,0.24902908105820754,0.44492303173082098,0.29552559089609653,0.40678716877382587,0.30827603087705863,0.33224172973279253,0.33636018315426014,0.31675074451445789,0.29049144595374082,0.23701706408270054,0.43210091084998425,0.29614349401468909,0.41926674714876588,0.30910680236558596,0.31658270999138216,0.34164035087510852,0.30260429325205607,0.27337764041959395,0.23863614810369399,0.4378831916498761,0.29264459541312976,0.39417189050724127,0.31544799194431222,0.35744717034743612,0.33433301191501458,0.25789548606293544,0.38341547665507852,0.24154317724304719,0.44667904779143691,0.23208540050309406,0.4290163724623659,0.26690871889791667,0.32814584197908503,0.35606100103503346,0.2689355151160176,0.36675549398775514,0.24130932709770941,0.43937911514875599,0.24276179814472768,0.42523372493926864,0.27361552815696177,0.31698262072342254,0.37093303584554732,0.27275484142872114,0.35442148571863213,0.24116370537560033,0.44211177473381247,0.24962711033428575,0.41401128787963731,0.27671278082089185,0.31382657785252194
7748949834,0.3812982236066747,0.36532542161009651,0.27275474540129424,0.31001402763664532,0.3857711969815234,0.40148804405036959,0.27784860241985226,0.27360909397529848,0.29760930447210621,0.3778515963076351,0.3708288141739835,0.27580067955230875,0.29924376826273125,0.39483259641596841,0.40353101258723528,0.2772919785711237,0.27077857277622069,0.29182078959682106,0.3799399341321269,0.3677005505481335,0.2747786748925351,0.30503293173324597,0.39143431671215145,0.39545252667171749,0.27700061999630654,0.27608304793885252,0.29889599776812531,0.34327816168928832,0.3538608223103436,0.36046855989735055,0.27973849574873627,0.34984615669323249,0.36568621383297295,0.36842030782281571,0.29770052294389304,0.26129206210900291,0.33423261485869132,0.36471521628026193,0.36152066826312806,0.26758781374966983,0.35186575647983631,0.37316458652008988,0.36977042942852417,0.29663045006655497,0.25532296691469786,0.35830616848012714,0.36140209672674034,0.34348237059000275,0.25862529838533149,0.35491767433907917,0.38732166363865811,0.36118372160480183,0.28623685920705783,0.26032321332466235,0.32431150689726534,0.33141087020566651,0.34402212353699285,0.32458308174425188,0.33704729911775699,0.36107685281666818,0.34938091931363996,0.3225687683617196,0.30197427737339011,0.3265353456608589,0.34018773117959894,0.34793649031787893,0.30548337723719271,0.33170173580162332,0.37638165379179439,0.34553656954824974,0.32240768083171356,0.29704486018292764,0.32579453053898982,0.34689575680356016,0.3484238760068113,0.30201005474667497,0.31374615498584196,0.39431936660840627,0.3403499955129104,0.32782421863262873,0.28927621501290224
7748951080,0.32362803206026203,0.33268706563258882,0.36714455473677882,0.30499127886708866,0.36029033374994529,0.32928844680708286,0.37339035672075055,0.30313372144397477,0.29532860756808071,0.32454563515082047,0.33721936079826681,0.36225147151718823,0.30926437032197568,0.35586256392562976,0.3316602482231536,0.36871691111607391,0.3089913501051022,0.29328850859954919,0.32456525955012666,0.33100815543039708,0.36497634360838282,0.3094900068534539,0.35819480596025233,0.32711128794230837,0.36854865853525531,0.30725258780722925,0.30093456511971617,0.29634276514316998,0.3240695400367305,0.3731100692692878,0.33831161154749584,0.33085003675778851,0.31553718237886696,0.3780018850579987,0.34179998296277941,0.29112868217522631,0.30401438137146453,0.33162278805077972,0.3610416157309787,0.33808691180673972,0.33029144093569174,0.32073181473598106,0.37057029073473208,0.34037957615833808,0.29632050197343401,0.30715592499704536,0.33428071445516944,0.36467132650863832,0.32825249622568975,0.33295774535933309,0.32292149037880341,0.37561758911065085,0.32790805112413207,0.29904071081651279,0.30000249530575085,0.31731116690240468,0.38262721194214222,0.32474080754931811,0.33961988839728346,0.31024617783274755,0.38406576234721301,0.33861176946001065,0.28929767628266401,0.30473271745700919,0.32191652401726922,0.37305773333782594,0.32460146130829132,0.34149650370262297,0.31556985767764495,0.37224628918141439,0.33946135998540722,0.29826837559075886,0.30275320770178621,0.32799302751011988,0.37997769425295402,0.31608728240819051,0.33680633808710159,0.31846401421414949,0.38211422451335136,0.32649446920216452,0.29832715038261942
7748951760,0.36661641882279905,0.32079522401290478,0.32950550478082241,0.32283539359158908,0.40101940735413083,0.32035961076652669,0.30982457825842324,0.29709139634394449,0.31966362258415848,0.37807446424303454,0.31746646597819317,0.30793098065478669,0.32529414421356395,0.40306374874149803,0.32703370559768413,0.29497350956103147,0.29739177321495081,0.33282772304683539,0.39201744451129616,0.3174935226669382,0.30630057136729621,0.31614697622018756,0.39094189609088142,0.33861493994733621,0.29496378246845917,0.29666369212974952,0.33051868425343639,0.36346805841400975,0.34001338691132127,0.28369260270726937,0.31857928577986377,0.36723361725449827,0.35695572429389766,0.32668665143871828,0.3051569322039554,0.32891452001915161,0.37306055501579111,0.33981687207341155,0.27586971885423117,0.32032233607057481,0.37068482078848197,0.35523009376744552,0.31314974513406896,0.29998254168837557,0.33910449677366206,0.39009821587700338,0.33672231139145764,0.265155588590059,0.32003199871429089,0.37240330132751981,0.36540169736342154,0.30149321120439732,0.29302252250314431,0.33578343486511236,0.40783796825988466,0.32459726631956071,0.28629186842816295,0.28503089584494568,0.38314050265026045,0.39520865593642418,0.28682851152586947,0.27078020488684068,0.32637418573346716,0.43658914997794018,0.32266700826151173,0.26436595193463203,0.27057880559092196,0.39545935174978913,0.41485497262841969,0.26467049218883776,0.24582416217993572,0.32124900575933973,0.45700883158439709,0.31644739952333406,0.23718334782911607,0.27657470847041027,0.40821800135529129,0.41779340759351608,0.24034961470142005,0.23417596465601076,0.32319477631732552
7748952300,0.35183782727516,0.33545308504732707,0.31853891451391764,0.34215056617999939,0.36670443522448309,0.32103613211479087,0.33712675441245304,0.30388052803188043,0.31876817043940803,0.37485097460478661,0.31733036299433015,0.28933730004153785,0.34408492176590011,0.39557072643472074,0.33164966017055353,0.30008541710547582,0.2941416105987083,0.33710447956625811,0.36578704124115968,0.3535411544410304,0.29745465836191431,0.3290761700063109,0.37052791098582688,0.35657641333585804,0.32805562638959512,0.28155073582280121,0.3051378401194153,0.35605222461319253,0.31703240862404275,0.31492479983228505,0.33818676815682108,0.38691021081347865,0.32004824162320961,0.31414989170371588,0.31686778619405248,0.32854771273130984,0.37617438832480316,0.30350978612732959,0.29308809814593362,0.33099457287212908,0.41776313113019425,0.31814001662219865,0.28784486630515443,0.30450409963025254,0.34583243281281739,0.36776415404745438,0.31134935369687561,0.29925179060374446,0.33953526021593256,0.40711477524999062,0.32428863354607601,0.29208210730329892,0.31232177405969525,0.33047369647437141,0.39145431880496423,0.2833167216318927,0.26256485125636059,0.31310276853164098,0.42555376114390592,0.37337937734702398,0.25696947603927139,0.28823086018443927,0.36042058007541322,0.38842276016216226,0.28589584339497448,0.2527708455492414,0.31574614434458803,0.43044226916771983,0.36938671462539224,0.25122908242350417,0.2886907722366312,0.36826224829150062,0.36171934447482229,0.28113079195940477,0.26577850361375549,0.34507129161243361,0.41365215755606566,0.34002969649277093,0.26262176762418787,0.31275892799398053,0.38326953117061663
7748953176,0.20726780227327513,0.41990391729552307,0.44811715239098643,0.22946948849156751,0.18358607138893773,0.32598224563644074,0.51037642440099684,0.30204773115418887,0.18860096721985359,0.20694939053406783,0.39622212479994962,0.45303108298949096,0.25378751200330235,0.18954116574736979,0.3087733371138594,0.49552831723597063,0.32926199899021846,0.21285229876781933,0.20855825521895721,0.39324830217396695,0.45233997517466384,0.25701417094258866,0.19102632757422996,0.29961254785415636,0.50067279905447515,0.32862601379676409,0.21509169163503569,0.2624092144186066,0.37697592654591666,0.37226871237553921,0.31391167059421193,0.24799606597459453,0.32268905478969567,0.45715770144771356,0.3318403041519028,0.25916131914451246,0.26614890811158115,0.3763769903555132,0.37635585829077239,0.30627294140763101,0.24739366790515815,0.32298692430252335,0.45398252811901474,0.33562207230124219,0.26036853379209496,0.27089612762784687,0.37682518024851785,0.37879343718479314,0.29982349525925672,0.24650745421247408,0.31885465768220383,0.45986028590690836,0.33073659216692197,0.26066659386798935,0.31855367044220956,0.38808935772986131,0.33739793533614698,0.34517506011308474,0.31462413455135857,0.36170024775264414,0.31287880962602066,0.31281551883994047,0.29893962610812541,0.32895748460970098,0.36721660599841666,0.33441815718211293,0.35001026203989588,0.32358953391495637,0.35105454730691715,0.30514069402693172,0.3230010123425609,0.31177919160010065,0.33314727278767153,0.36263513899712752,0.34434699606142022,0.34742916200867963,0.31962565349878808,0.3384114782388325,0.31362517206503904,0.3301294287770381,0.30691642492763554
7748954478,0.34179137425730949,0.34392920292523649,0.31726471442335169,0.33045483047841739,0.36156369167448044,0.35705586580145521,0.32919770339061066,0.30518051247587313,0.30872413258556242,0.34278728846963535,0.33131400569551972,0.3094126373851766,0.33898547192360473,0.37802238216182077,0.33943275493490233,0.31258523660274323,0.31284120147809963,0.32922014359449164,0.33590063938912929,0.32705430224745613,0.31116981380038761,0.35194921003032953,0.37835837041258152,0.3282029505211661,0.310702147960502,0.3194995324023342,0.33169764531312351,0.3473923739136438,0.33637395867464098,0.30438124694071594,0.32302588633623769,0.36712312988598755,0.3680639502190744,0.33389451731684738,0.29265132484066969,0.31905581591276355,0.34697789921375394,0.31120136241216206,0.2955064402352004,0.33896008377338444,0.38586450958749563,0.34384558413851035,0.31204990716750536,0.3085744057470432,0.34760255251608752,0.3365410588931641,0.30064119821756602,0.29208245060018206,0.35295420188994758,0.39366793271361405,0.32337325829936264,0.30856435378927161,0.32850702623055439,0.35184175439108806,0.34623337268682391,0.32100497999420435,0.30554474125649611,0.32373674370060829,0.39400992618884745,0.3442655822396154,0.32743492657733986,0.2925272323310934,0.33521150570779673,0.36032913149799428,0.29624448698985367,0.28955545704199981,0.3245711230671785,0.41477198986425756,0.3359276751639147,0.30432592310093526,0.28358026421420235,0.36782889724084378,0.35397095553883301,0.30601016537494607,0.28472094415211824,0.31949449122943729,0.41922797038240539,0.33350764374777858,0.307366373354439,0.28956467275687248,0.36416804046805917
7748955224,0.28722155735354032,0.30385262676139407,0.38628025722195031,0.33324701300412635,0.34750741028175053,0.28548336562789028,0.39208001494405981,0.33368054014304455,0.31237757571491676,0.2897895426163542,0.30375557478750048,0.38837128278053529,0.33110600175098948,0.34676908104751969,0.28291064350011935,0.39348382386327646,0.33184505474698939,0.31313453923624351,0.29361119750627296,0.30385307248401794,0.37949617105798533,0.32848817387532364,0.35558085852266724,0.27863061338267958,0.38271175767646703,0.33229969971290563,0.32951448878734951,0.29155225943436358,0.28349869301309638,0.38095330203440159,0.33550962498107934,0.36809805144165042,0.28200330962364184,0.37120221911714407,0.32929112341908212,0.340129188305477,0.28512396322996447,0.3059237723614483,0.39233987748849736,0.31580254749039416,0.35640948986360033,0.29188603346976311,0.38013020339235937,0.32833507027484043,0.32699398403019209,0.29628634647525104,0.31477989568187148,0.3737385792453678,0.30111609943796758,0.38378248911235935,0.29200352080739717,0.35914391088807252,0.32548802982887881,0.33955076091181308,0.28255049816068967,0.29711799916850218,0.41129731046380247,0.31888888609228566,0.35271714529238046,0.28193884532673291,0.39220755888607106,0.31067967800161622,0.3267766458454201,0.27637861079091741,0.3139358539841447,0.41491817897648547,0.31745765277216492,0.33405725546551024,0.27744893215681848,0.41027874556627369,0.3187401141792387,0.30598465799139968,0.29642152529704652,0.32105341315690211,0.38710134833295567,0.3125264513159291,0.35965057343108381,0.28122387086838363,0.38579434804750201,0.32192482787498217,0.31722305649542976
7748955696,0.36705998900304043,0.41760144934613413,0.30687336345047256,0.23886262719600873,0.30539567679498353,0.45455841494748578,0.33113839263067069,0.25648440648546617,0.2536190282287924,0.36744187885970969,0.40592328426380164,0.31024251450981261,0.24222431691851584,0.31153616186838989,0.44566828442340595,0.33502207960179142,0.25870466408374615,0.26541817915737603,0.35546025580029528,0.39925451185249955,0.31259613473092174,0.25554518644387975,0.3040431066946237,0.45291246748597808,0.33453075086142448,0.26545920372656046,0.26696969998177167,0.37002927652845335,0.4343475760919624,0.27708478148212057,0.24046100533236753,0.301558369936893,0.46298969581026439,0.32662727048515688,0.25783879020612593,0.2477093322330475,0.37003259555988394,0.41746063743587303,0.27793726171239663,0.25205354565260135,0.31096886145926672,0.45193618539396518,0.32339420334513141,0.2681164236861886,0.26571450599612534,0.35658725575218281,0.41218261343350077,0.27705782821273006,0.2685108762036662,0.30289302567850995,0.45322528435895504,0.3224366700217306,0.28001934736074996,0.27305365426967454,0.38121956949742875,0.43979202816077767,0.27225969758904628,0.25561690742167131,0.30834262392709549,0.45492628839238736,0.31635536314264895,0.24129351305491747,0.24789691294074934,0.38180190169109501,0.43455319112442975,0.27368836488385101,0.25476591699734874,0.31103826845955973,0.44942377358728375,0.31193172114114248,0.25043471878907914,0.25852340235611326,0.37213158107249,0.42020914370666146,0.28773616694251397,0.27695196339253858,0.30630955769624996,0.43227124710584647,0.30968365304796241,0.27333069255681469,0.27230543857296963
7748960548,0.34059591585515714,0.3817454934732839,0.28007123879640633,0.37634138912521559,0.27598331023966144,0.45190074969381527,0.24110090851687652,0.31007106422207098,0.28902812650023957,0.33394714607096415,0.40822230837576956,0.27424266085597426,0.35969803943311851,0.25518606322351867,0.48539336338774036,0.23116505070635163,0.29530890435602031,0.27544662554718274,0.34040521444366523,0.39853063155187418,0.28303769821134389,0.35025369947117285,0.24347528924296488,0.49035059800796393,0.23233312881833248,0.30813293513320456,0.27177399158483029,0.31448425964686916,0.29198106226761056,0.29529861645924294,0.42772763992746959,0.31617975641785417,0.3417326306959334,0.26988596415201699,0.36929014293358403,0.34602025439152256,0.32020018920808951,0.29105764379947829,0.29509289396828464,0.41387671755810734,0.31350211306758829,0.364929967152265,0.26123075340163565,0.36023072654515542,0.35343794147783603,0.33575224372356421,0.29700806917964689,0.30173963631865114,0.4015499618406479,0.29985357049893691,0.37736490687454266,0.26536090097468273,0.36504989704605501,0.33282603594023369,0.30816744613616898,0.28207211282274386,0.29911331313990236,0.40205886549296271,0.33904441785138112,0.31249975644956718,0.31303023758365361,0.37062908543086082,0.35550944266387186,0.33266151270362393,0.28938335163915901,0.29741857779759978,0.37506724189524532,0.3387825942735726,0.32379481330722626,0.31111977950913039,0.3569615218746523,0.36417929424727691,0.33946349930870306,0.29922511159940907,0.30000587097579645,0.37921779241665687,0.3261074366105402,0.33417568331214809,0.31407286555277858,0.35634223138766502,0.34318827837545124
7748961536,0.26897851420143404,0.28868780443705189,0.39273005400895827,0.39491368090877765,0.31022312998096663,0.26959491533555974,0.3117943639441918,0.39255850424767813,0.33745885466531544,0.27967994365554349,0.29131472046933554,0.38536040799871357,0.39215218131834767,0.31030720784773042,0.27268826995774664,0.3093004556985065,0.38817629387829045,0.34297494782474824,0.28205664087458526,0.29869187478351278,0.38448077940184233,0.38422046072939792,0.3115945041518588,0.28226734747008508,0.31202493938082454,0.38469215113493893,0.3371390972138566,0.33101224809485547,0.26016158424795366,0.26800538408633878,0.41193477027245878,0.4103716449729467,0.27369655863027914,0.23753630090436803,0.32546955347629802,0.41900009052881093,0.35475499340194006,0.25294923764503047,0.25339650178096063,0.40161077826255653,0.42372529962690081,0.2812018835213132,0.22566014894628458,0.31234475848130078,0.42138484362648543,0.34808944402549691,0.25484853949681874,0.25549794917940372,0.40446033307467621,0.42486149232355258,0.28117690452734495,0.22639889316493667,0.31520126822213207,0.41814178567208493,0.28389780238656892,0.22470524271885695,0.26820548745986522,0.40347739677548589,0.42117949436692703,0.24043260010059472,0.27844634353934139,0.34326921018944928,0.45123749080104453,0.30374436125165394,0.21704941879454179,0.25243125326183347,0.40192879269505805,0.43251592933752026,0.24601678784437336,0.26132679234083256,0.33684202017005604,0.45388554264831776,0.3027496443618688,0.21791969014913318,0.25209786183978566,0.40463550915050606,0.42969670974620128,0.24466291187390249,0.26507795040003679,0.33430317586470187,0.45502339643574902
7748961958,0.28155917224551497,0.43803530456850165,0.35601589283817803,0.28598160504761261,0.26585506827701116,0.37572921103246221,0.40361678332034739,0.28706039823944146,0.25130691336695166,0.30497413553313851,0.44795528946307422,0.34127251064189601,0.26826941593583375,0.27080926639024328,0.39177607936294578,0.39517582321463518,0.27104070943239772,0.24786744192438054,0.31045441532502471,0.44655390066130241,0.34885384852608176,0.26132821536132061,0.25979616728238847,0.39457865482001231,0.40157433587998792,0.26691185512786153,0.24192141116069515,0.31767623653714488,0.32853829958626368,0.29350402217823335,0.37212342363225276,0.37992206338427315,0.31228579578105381,0.30460359980897317,0.32101275862614342,0.35892644896408715,0.33567371100754501,0.33684205543861634,0.28926952062396216,0.34264587623782616,0.39001332160300195,0.3221843949150151,0.30716742424918048,0.30578762156985589,0.35917468950755443,0.35240148729393989,0.34954084917268163,0.29367014814870218,0.32831325689927787,0.38136188151325601,0.32571046538731963,0.31520213261325047,0.29729657463141401,0.34690171248294505,0.33228017647408131,0.35790951822316558,0.29164501930377312,0.32026088544851311,0.40420576770165434,0.29723870532147784,0.36080362130851301,0.27653382287750372,0.33982854553436065,0.37048861472603145,0.33415966517571949,0.26516023354672019,0.29289474672524624,0.43404121887561198,0.31502311242440734,0.33489040881481752,0.26374212552757098,0.35445081092464931,0.38767466525028527,0.34093540536056471,0.25602509464938439,0.27007975540495099,0.43756627278918186,0.32696797742505218,0.33245225772305598,0.25274263069502401,0.34957664185293608
7748962450,0.28022739638901528,0.33810061768624444,0.36723758276499491,0.40847936008635427,0.29225835608426171,0.29426343526009291,0.29671430057390852,0.40148679142356891,0.29018063925978504,0.30031399231349837,0.38210423369743468,0.35599904868314575,0.37182016562655806,0.27271568234586052,0.3344058417823535,0.31092110241220222,0.37772946130556134,0.27068377224668178,0.33536014914469536,0.41812358309596043,0.33773725287971307,0.32312999631009154,0.29363806303327333,0.37091215106092384,0.31998650153131747,0.31764872447706755,0.25910533342317343,0.30232549982072848,0.32867506377766681,0.34784505117517206,0.37731814522690793,0.30576966635346919,0.32821687697320306,0.32409643290635759,0.38527398298404564,0.2872470668995365,0.33253024212668131,0.3614872690250997,0.31993078920787704,0.35314089577097008,0.30012981346874618,0.36095579341473322,0.32032258098957866,0.35581433389755845,0.28654667419194341,0.34713706011242829,0.36609904371802549,0.32394785923535074,0.33032384590762937,0.30650899337804488,0.37335920804470296,0.33097293420972662,0.33328806424700952,0.27828475795600455,0.30798522586309729,0.26731261839734505,0.33144065370252335,0.38092952195766927,0.34391140547787113,0.2969512391638921,0.3424887697004792,0.3856496189049553,0.32595945949835881,0.35268815585300017,0.27578548729188085,0.28967369620107958,0.34989460163093822,0.38283798190536822,0.31189336350306746,0.3277229791222197,0.33656818232451752,0.35873869997368363,0.31578196710551065,0.24860138223133527,0.29972025735250357,0.38803630743450745,0.36564654856883438,0.28133175078615308,0.31676141033223032,0.36593399878888538,0.38856691753283673
7748963746,0.32729429985250336,0.24545425096983312,0.28504448869703625,0.40606787104262987,0.42195885997498739,0.29027111096398966,0.23792609106550089,0.29072988398789629,0.4278432814139041,0.34384486342075432,0.24852997862379864,0.29111384489802394,0.38683388479711589,0.41530899917134823,0.29430758828295461,0.24108921675344153,0.29354162633624298,0.42688007994757404,0.35900706757205492,0.25199493064715528,0.29845836960528854,0.38200073690758723,0.40734754598455652,0.29727270854981908,0.24423647705051174,0.29680284711783134,0.41299398607879867,0.31895139410837214,0.23068415944089368,0.25595842466710317,0.427560876703652,0.43836839071610978,0.27161841618170168,0.23860949186768593,0.30773795023285588,0.42326262453667068,0.34099382206214068,0.24344380023565895,0.25966905898426773,0.4033017003802738,0.42188540721965029,0.27644890135805278,0.23863126028373047,0.31281010828524414,0.43031581587175766,0.35130487883377759,0.24863384338463382,0.2626214197885941,0.38363090919281151,0.42449322140301565,0.27029096707024947,0.23911097528532715,0.32223167334888619,0.42937674157354366,0.32104708588170749,0.23855583038452507,0.26644059274586418,0.39027603622192181,0.43809860294788416,0.27509068522167662,0.27770737627203201,0.31177628796692436,0.41807031271140033,0.33501790492636235,0.24023075344195718,0.27213738022777978,0.38990903904478241,0.40964104387615213,0.26509120120469493,0.26949295243854554,0.32673088780959147,0.43186306927247858,0.33492638714323808,0.24816747239822709,0.27891757531645495,0.37494658967589223,0.41854862837273232,0.25966076840703228,0.27714222619873241,0.33370358125950567,0.42081431598031588
7748966124,0.33202253195751957,0.51261394960616102,0.26295675133583557,0.18355997112708575,0.23339500967180257,0.5372399087201587,0.33020266507269613,0.20311680681061284,0.17537750118391224,0.34366455151037478,0.49984556705742705,0.27179275161730443,0.17883143730334056,0.24589359713021772,0.53021785408579192,0.33692733545942966,0.20198563820687726,0.17402366081311355,0.32593933338490139,0.51580550959188964,0.27451323897397384,0.1759993034468095,0.23891226927408116,0.5206882365719675,0.3531706548326084,0.20629319458825418,0.16091376690649165,0.32316960740902861,0.52551381485004456,0.26453028227320885,0.18807632872367244,0.22958806978372828,0.52913013380816598,0.33043514593914131,0.21120549766859922,0.1660214625653445,0.32645070354813421,0.52127667492608565,0.26047277283038939,0.20156007671296752,0.23950613858306397,0.52077059569396789,0.33142546009414497,0.21900268426468877,0.16388354205930861,0.30300142751108389,0.54177280283118012,0.26529362227693526,0.20765958353088254,0.22769145477132605,0.51093064188285342,0.33644915708843848,0.22884652260468616,0.15068796744505986,0.33223617543353573,0.50893826710534129,0.25785743038396935,0.18999470723611542,0.23177794950723668,0.53433839130805505,0.33984754877778639,0.20990118281162384,0.17093600576112089,0.34420708826645141,0.50574797565871954,0.24931050594404103,0.19848864863456397,0.23878090675200461,0.53031879980976937,0.33363780051378339,0.21468384598721466,0.16890618908124203,0.32610546351890657,0.51493082083973396,0.25029813507741699,0.21301273945357788,0.22898133877138474,0.52695617015738372,0.33465201312480802,0.2304965602560004,0.15887728706688942
7748966996,0.2717997938458297,0.34151438777812393,0.33289604841980264,0.39747447922620116,0.29511466651435764,0.3447805427370218,0.30315495176115953,0.39459522962529903,0.29514816451637693,0.26548693819236585,0.3626641485462026,0.33314927545943152,0.39235263531960651,0.27342236967722977,0.3592202833185113,0.30693576205987866,0.39697109191334329,0.27833029026353812,0.27661430373749019,0.36329017457759638,0.33800363813465772,0.37578450995287288,0.29136135829449067,0.35928653413940959,0.30919083850716961,0.38290642450511692,0.28257698565703909,0.26771200188079891,0.33836118720431474,0.30772961227800888,0.40052640013902524,0.28910802263215057,0.35630341595378306,0.30701630887427911,0.40464233774031638,0.30032160226994148,0.26333096369601316,0.36430016605011578,0.30665445364865096,0.39006963487013674,0.26634112410968608,0.37705454354156609,0.31220033430558619,0.40599181329527012,0.27630560625199935,0.27788449257270531,0.36228055428715611,0.308079230262645,0.37021195562920206,0.29093774687206153,0.37728231832068293,0.31601557518624235,0.38846799828657957,0.28601284629059548,0.27409633935806049,0.33611352036278602,0.30333878527439312,0.3997987484789689,0.29182006613013656,0.35642528951347446,0.3152470304095974,0.38992129136700288,0.31052888937618001,0.273165671021662,0.35887635118614725,0.29893273620617317,0.39771603250502841,0.26306036708241232,0.37553305466906356,0.31498185538667828,0.39943563574399216,0.28295091856008592,0.28885326071856943,0.35065665185113759,0.30349617361184206,0.37864219732726978,0.2899078970094614,0.37169575610392774,0.32394219956681275,0.38240933650239994,0.29110837207398643
9364823227,0.45772058381075792,0.22447386202279943,0.24110681588465163,0.27561383657382038,0.59143866660362998,0.24180852613738643,0.19318152304581801,0.19467875131070159,0.3500255196508133,0.44633948870690648,0.24010074256024719,0.30477913512435861,0.25060093514105986,0.56905152237018897,0.24238169221142203,0.20335715490032072,0.20572685615790837,0.34813117314749525,0.37941338658025209,0.24774160628534328,0.34760273316629947,0.24583206438613309,0.55093937841652008,0.28374983657008707,0.21854888602258463,0.22034617318155092,0.36475232465837215,0.38698842057091559,0.26069334622295909,0.31430069947581102,0.2790692354074516,0.49971299206870978,0.28834762330253699,0.29756503876845175,0.24688792130659828,0.35108166434126631,0.40512163977785981,0.27237309293364392,0.30722859629953414,0.27171785988194092,0.47098415931208326,0.29884857365420098,0.31097855472673364,0.25360352358069504,0.3482963891735178,0.35535016401531144,0.27528422422712695,0.32309760050002406,0.26924906900336876,0.47808004103997498,0.30234494939141748,0.32368455730277512,0.26945734009986277,0.3517183156770522,0.30074717085484853,0.27969407359389215,0.40815899538851302,0.29220347951737907,0.37496004804332034,0.27918199121258269,0.41239650969853048,0.30498378662372999,0.31260534506233589,0.32054749385676407,0.27920136142876745,0.39970912217305143,0.28866939128992419,0.36906206328445224,0.28016559716728018,0.41488573103505288,0.30001792882841616,0.3152110345733149,0.30420113042083707,0.28201117990125452,0.39848918835479058,0.28064570465507993,0.38277651260052042,0.27408967937738121,0.42578896842499503,0.30348392896843746,0.30876197576266218
9364829033,0.29995930623531541,0.2879081522531306,0.37526713663488714,0.3407702793341425,0.37226714837393193,0.36010161229825655,0.27667870896389074,0.32294496526670347,0.34796971766720924,0.2898453798477561,0.26777747845569583,0.39183482953573734,0.3649034230045789,0.36339117405954324,0.31611081347926295,0.26636266753041921,0.36394839209816904,0.34958421314043808,0.28902672429319243,0.27649902486884681,0.38027950064102423,0.3869995573173528,0.31972807990825997,0.318500361929133,0.27642045370931306,0.38765511721908436,0.33952523573483168,0.32539891522592457,0.28747699902703872,0.24586384001608588,0.36507214342229716,0.40335854843228314,0.32326815030430583,0.28374354725424061,0.33269222125534725,0.3991877813364334,0.31269695122082852,0.29060003695067949,0.2667638151123542,0.37404321945994007,0.37537722529354123,0.31347689555156893,0.30165452188205999,0.3560011064032696,0.38703087802129654,0.31535326785943485,0.29678029386368843,0.27023731385948263,0.3820118426441681,0.34925944612990933,0.32269317217057186,0.30907160069842143,0.37115161307658356,0.36622492253028827,0.30624612483377345,0.27603390581960424,0.29167112173417326,0.36248097171057453,0.40300277739239454,0.2797344864879015,0.30675323731766108,0.34303170484280626,0.40140150545057957,0.28893579158333155,0.28186216389757257,0.3062105145016446,0.37659554018086705,0.37038909611675197,0.28083277721673205,0.3214467012714895,0.36212852872578055,0.3885364309564604,0.29791979646908451,0.28002374867288166,0.3200085592934957,0.36973739117747273,0.3555072441410459,0.28880837494661488,0.33272227497744955,0.36623050175047095,0.37295402020210167
9364836621,0.3285611669356554,0.28836491205789011,0.33885239914937193,0.32674346058407855,0.41352174004082448,0.33135066994065926,0.29753594370471381,0.31720407796964029,0.34259513437610978,0.34522679508699122,0.26831110453954332,0.34990288231195593,0.34009121336142056,0.40554164184581909,0.30445005740601377,0.2809292171586556,0.34557882226341247,0.33946093873222355,0.34137528901222569,0.23403147613343189,0.35305267671932383,0.35561760186791075,0.41071957758099897,0.28918160777061502,0.26288399767592913,0.37976382077767862,0.33456981861184681,0.33032170487296708,0.31910442651505638,0.31597505226376493,0.34490258202911445,0.36575615488523577,0.33708448111831663,0.31837806161179566,0.32698728905354396,0.33848650614479614,0.34888806567107827,0.30274334798562103,0.31100996665573322,0.34893448016632339,0.37097265359489612,0.32352500336504225,0.30846250255146612,0.33371475429011094,0.34545233247064083,0.34750601658967267,0.28781040462640284,0.31047740485528191,0.35524169315378967,0.37858995208804663,0.31241654013443598,0.30330956503480799,0.35322931674952934,0.34074882624723385,0.31503393424826381,0.34282606786123432,0.33768646713891293,0.33181212178095143,0.32917228821168065,0.33412399874925036,0.35773190106554881,0.33415279785329183,0.31538709483909994,0.32812232179554995,0.34053075395653404,0.33299122533352465,0.324096311606202,0.32581725227828834,0.3399252677613871,0.35592026790500952,0.3280564710752884,0.32318200839800615,0.32426595953552417,0.34239450179190151,0.34737559796771672,0.32119762518548906,0.31878524575424827,0.33544071918535312,0.36679225585299513,0.326705853930295,0.31362729814080048
9364856115,0.31347950302274658,0.20659591538936373,0.44112578324289514,0.24631797147983045,0.53802376162703003,0.25610864166656244,0.25564601837987078,0.16616556927382337,0.39466075088060115,0.31026680997403805,0.24699971631785847,0.48443789755771743,0.22775561195656135,0.45032964571186523,0.30416219689803703,0.3225112278553256,0.17183974150543102,0.35681801548178693,0.33239132736438515,0.22599944281124515,0.4794840435091513,0.2156874625087643,0.43359553076792146,0.30919808014730366,0.33106310746390305,0.20101059211559483,0.35832613210805286,0.34510296127093121,0.31234050969501825,0.2655648742016089,0.32837450935620199,0.40975609556956816,0.33014208778253812,0.33572094416371284,0.28617272239964464,0.36537047504633646,0.36172586794538214,0.36376206505433123,0.2555656532294493,0.28244159112659539,0.36784196994027824,0.38116378771013504,0.37263194907227248,0.25489198598704205,0.32760715390634759,0.3694146621872656,0.35170000200684221,0.24012011122988308,0.29606587654731192,0.37132463434019231,0.38073324469049485,0.35682973175042371,0.2743327140222655,0.33030523658994465,0.30602963471628702,0.29703503840161927,0.29701625092882711,0.39188723562056771,0.35869743671013521,0.29010231386349028,0.33579967001424016,0.34827411327177588,0.35978090836274285,0.33679183407628432,0.33006030856724866,0.28653158729334743,0.34594367072382642,0.35987727501419103,0.32557859083444773,0.34553672050397866,0.31695040743680591,0.34711354460081212,0.34457719252963664,0.32174258039332793,0.28111463552916388,0.34832145004964432,0.37759917722585729,0.31821163363285426,0.33232660477772757,0.32031577545345158,0.34714843944636903
9364892913,0.26540245557495701,0.27751896188529923,0.2658325854105355,0.51631848967307437,0.25672188802330859,0.29912463076151014,0.22175089033684323,0.46616778117321916,0.30565581825176025,0.29211015203995894,0.29692218272709159,0.27417356212996069,0.47531986904382151,0.27763152675149982,0.32136150054717438,0.23188139408982614,0.44365509416616483,0.30733930281565497,0.29246660793934409,0.29214559786682487,0.28656020471009092,0.46918874358295026,0.27557563091762155,0.3077579758876024,0.24174248181252764,0.45034966432554457,0.30813673918880452,0.39549150103746428,0.34329271301555403,0.24186409368806691,0.31708092061415738,0.38218056956707974,0.41137193549592266,0.25364689052431266,0.28728471963147606,0.32332633012587564,0.40000038312965808,0.3405314536018576,0.24099209355316015,0.31930684654407937,0.38010890181329371,0.4046841191849217,0.24819497703276377,0.29474430461577572,0.3275316748590395,0.405233508847677,0.34349131069411298,0.24290762240645644,0.31546601983694483,0.37415653697256901,0.40575034123475345,0.25394582785967373,0.29680635797142796,0.31948026719989975,0.37252707884343922,0.33521885343467273,0.2784582276759191,0.30996809010982962,0.39028853915564782,0.38380015843472876,0.27110446530388943,0.31033143560337628,0.32527181042555714,0.36950157829812386,0.32639182298403685,0.27462453426403327,0.33153898743630633,0.37547864359928773,0.38037114167509312,0.26035232940722136,0.33272134192579167,0.32779105423206067,0.37434528784926724,0.3257638880542621,0.28288651382162938,0.32598479942729952,0.36962311502664696,0.37676709891262555,0.26553091459895972,0.33709466642207875,0.32363319292393955
9364897817,0.35250416068159757,0.17798639190065574,0.29726256077821506,0.2609362480844592,0.60623330810680653,0.25564441004633937,0.15809583495267157,0.18856738842764961,0.44066317401293054,0.35476425178662541,0.16934078874058239,0.33936067728295538,0.20631785417274554,0.63746602377041539,0.25136553779380949,0.16605486150604218,0.17066110592171815,0.4018535328412583,0.3699968669746887,0.17759344723119197,0.34477390299230759,0.20427965286547944,0.5887559323537821,0.28807282674342416,0.18072093472185599,0.17337364950943465,0.42264127587701383,0.35281565557460726,0.20013832277207563,0.20810780178054084,0.35163137204913347,0.52291421415138351,0.25373475530264639,0.18284701729726197,0.2967989012830124,0.45735003301287214,0.34578673698982898,0.20025496568039514,0.24357356570295033,0.36344066189989299,0.49541026343042122,0.24826223024057587,0.20585444323819013,0.34817597561635288,0.4221898213900741,0.35701661763060782,0.20860624150563084,0.26108754837655762,0.3461719364946354,0.48117712235154653,0.2721568158426651,0.22973582886632024,0.34902087807623311,0.40103112178876033,0.36102960318791644,0.21336411342736034,0.20898883367081383,0.358915525306159,0.49171975555613096,0.26400716244198635,0.20625247700738042,0.3055639376800463,0.45192829231473347,0.3658717198466509,0.22809444055042571,0.23168335135933588,0.36510786764635733,0.45747837691319448,0.27940662100246078,0.22198087821120499,0.33647576649913941,0.42105094150583239,0.37448418732475203,0.24456970156393029,0.25566844298511449,0.35759123355092037,0.43877591185264569,0.30018553825786459,0.24603861937480045,0.34464695375858712,0.38046973602859069
9364925377,0.36696618070312192,0.20368183475605292,0.11352365133560575,0.31771990993733823,0.58382131835947815,0.26171250714929339,0.11726444235766829,0.20228638078737349,0.49598837352656583,0.3807168244180052,0.19007683433108527,0.11444582358378047,0.33274067480868541,0.56824711967788566,0.25998212861121228,0.112535805174297,0.21384615212099181,0.49620691680189649,0.39487706470250833,0.22598101481579105,0.12355638256944561,0.40298583480306388,0.48856118669688603,0.29207736290339098,0.13615488517362115,0.25670678088448962,0.45486610101687569,0.40674457683752596,0.22676756252756247,0.089184585923770252,0.14654203030241064,0.66100613914307571,0.29773654358937546,0.12415889690110862,0.10857155546179234,0.44824934886008716,0.43889695215474334,0.21663145590446908,0.09133750929914021,0.16376454761366896,0.64401812219492371,0.30192736642526868,0.1191031727508796,0.1198991255695462,0.43680437376016151,0.50277848870488417,0.26416135534422375,0.10716479909493136,0.18621824584521254,0.57995326295287841,0.35424710084593725,0.14848757289973794,0.13682542423237909,0.35869831624226278,0.42699988245367498,0.20723535649793834,0.078392504432525809,0.13894435304031685,0.66041360540341931,0.30666485342092736,0.12009517005337869,0.1037164794872793,0.44034561666749433,0.46976494985146888,0.21365585126843648,0.076903138340529406,0.1234516738589909,0.64624095580419227,0.3273011332502756,0.12088523429133123,0.095072838967451459,0.40510759587347184,0.53175653216280272,0.25944799850693284,0.091804126733221275,0.11895767747508919,0.59885177430901648,0.38085712574369562,0.14547518601428133,0.10534468479000947,0.30233534731772932
9364933303,0.42121386060458527,0.2879650548863712,0.18164184493515639,0.35889981202288757,0.47713931515128238,0.32620004736394942,0.19257061904468703,0.23061544084856431,0.39181225662676761,0.42069663647719191,0.24509881561440547,0.16021988170301316,0.36528170242681646,0.5089898953844042,0.29766188552531359,0.16743197365517867,0.22191693323769304,0.42294900979198902,0.41953478724097426,0.25680681320141624,0.17057200643579692,0.3136521700244389,0.5346470843218758,0.31604424736467779,0.17825193972545095,0.20100822741683388,0.41552230442738586,0.44796248914661724,0.18405701796036089,0.14080908942878373,0.26287469271130098,0.60161381541668346,0.26345148251869699,0.14963327006201024,0.17750657471984213,0.43735311227693635,0.42806369882779355,0.15909325470035068,0.13257452980796411,0.27503839058223956,0.62244840847776206,0.22532056468622338,0.13715026234418959,0.17755137881843075,0.45791113889398988,0.41858868652397019,0.15831518616804949,0.13226561269192103,0.24747009013713128,0.64616843304245986,0.22295631488890755,0.13196593428539849,0.17091108834625518,0.45509932611313386,0.40411681330705757,0.18242902269014727,0.21567762196511547,0.24409350151183856,0.59285599092199837,0.23574561591656942,0.22737974835335156,0.20267909908400855,0.44438292488054143,0.39810302429616462,0.17314859462104754,0.21772690072042691,0.22444200315999738,0.61794627256377488,0.22306944116976743,0.22422197882371817,0.19491346398566659,0.44030670847362019,0.39091174077808277,0.16452539134931143,0.21265568181802805,0.20401045311126506,0.6427964673076948,0.2113781023222924,0.2202821794541143,0.18376634770634387,0.43944781797579929
9364940315,0.40917372953332998,0.16248998785206642,0.11303931763366624,0.31680438959161428,0.63619774418686637,0.19965093779098259,0.093584334977464795,0.22149371878938531,0.43658376628164258,0.45820075887301298,0.15832848192542739,0.085316650130206922,0.2284445650585486,0.66754894706195111,0.21831797704516787,0.075831042404497576,0.15021724265033237,0.42885708118566868,0.46050259994913234,0.23863149003492984,0.10918003240437349,0.23994118602272835,0.60626639897848933,0.30886234715606603,0.10146846354988813,0.17202827057165238,0.3983162514100857,0.45405725462617336,0.11758521985462693,0.084723189539968491,0.1673729920605424,0.72153495027403725,0.16530776128727873,0.095489451947170845,0.1178295308923811,0.41698034455977451,0.4545740165342082,0.10058775682609108,0.069424233076020553,0.13841737155046008,0.73892919859746364,0.14443410662782105,0.077982918497349174,0.099475336346387028,0.42001335375817195,0.45588590290799075,0.13493335728330727,0.095064146276849518,0.16819762070425248,0.70722173905846408,0.17700706546597655,0.10449817261410836,0.13273832280214776,0.42023799650452265,0.44771511144202675,0.15625384395862088,0.1826202451750967,0.17166562579641037,0.66578518243096385,0.19300598227421986,0.21800802816605447,0.15663521418777457,0.39966655841057142,0.43788119858335028,0.13740056109596618,0.1722959989792405,0.15310297892762639,0.69480724665026028,0.16661813251344892,0.19925097034131678,0.14589755881000388,0.40589277038712618,0.4237574008196478,0.16498890900635532,0.20833173710093772,0.17365698504261104,0.66074223295396872,0.18542782104187183,0.23878346638839784,0.18286844628481921,0.39777791016751241
9364960351,0.38109563697325705,0.27973349254679958,0.24336721976699086,0.38516500107642615,0.40300190162077804,0.3503519226689934,0.18704758778045347,0.35305051818992483,0.35234518380134389,0.42553807217481993,0.26183169508359211,0.23147229441489711,0.36102928534795181,0.43271756111481491,0.34475991274693019,0.1884620287199433,0.32706352656522275,0.34328933157573094,0.44230157645798368,0.25989285253322914,0.2375054763820123,0.34152925386639182,0.42982556824864249,0.35361702559986119,0.19038797590505269,0.32951956276107858,0.33037582686320949,0.41213828332168573,0.29057573030871325,0.21952880432154856,0.31731333322098276,0.45289480954823447,0.36776792046807466,0.20821341470661306,0.28058554511826173,0.36657754918499896,0.41485757435408505,0.28071136509234923,0.23144380972194362,0.32778733652969977,0.45006592403241941,0.35419272409721203,0.21994907918116632,0.29141935283228942,0.3560461783358288,0.44444925904202148,0.28273283236580332,0.2245169074893624,0.30079489119425995,0.45801088382963395,0.36157646229696977,0.21484099449456548,0.27229620065100574,0.34760351536641471,0.41027868839819898,0.29075073956170755,0.23244612249260063,0.27927048497796098,0.48482207369453956,0.33284705628701161,0.26637860637289962,0.25649415108787127,0.36404089863201494,0.39778215668602251,0.28619353972303263,0.25425309736723856,0.2969370467838795,0.47199887863469553,0.32175233424173233,0.27941175025560677,0.28152997842716099,0.35129588171646686,0.4276116320576519,0.29844135260723403,0.24570231212740079,0.26800056730723681,0.47744932517446675,0.32161958169831717,0.28021738014282827,0.26004205930456242,0.3440151825633509
9364970339,0.32678303579163342,0.21701422276851928,0.34418917186366899,0.30944646353736793,0.53639787314734078,0.26170231186722603,0.23268271734237825,0.2650705001150046,0.38894722534235787,0.31903799446169878,0.19382604438441142,0.36685723388610031,0.27005598482944432,0.58319473032266067,0.25058198775544571,0.21314909208652077,0.2328055483676596,0.38806356753353177,0.33936274649737547,0.21021299831509682,0.33964053012878148,0.29259405178347792,0.54386421559675624,0.28167728302739548,0.22361998741402522,0.24711249940574204,0.39175957026385338,0.37580837145171631,0.25108566891359385,0.21406812161839361,0.35579605542374104,0.47791673874968171,0.30037026210076562,0.23519632818621822,0.29414945056537972,0.40353454497636254,0.39098637255251795,0.2574171142852561,0.19910368590229591,0.32059807310074945,0.50971257072541454,0.31924928582744555,0.23121627952570495,0.26505688153393436,0.39114899273255627,0.40379283517628578,0.25988467493144629,0.1996552419863471,0.30966796907161492,0.49423440873053742,0.34514330297751983,0.23817361398380965,0.2551308477117345,0.38528541528198917,0.34702062362855196,0.22575901151213765,0.28487744582325525,0.37095486587201104,0.43444330146811178,0.27158862034904852,0.27063578507783742,0.33678671157010137,0.40084472548873123,0.36607309844763075,0.23101047740272573,0.29088201585660289,0.33062065958998038,0.45031537830964113,0.2800977545489241,0.27556434166315075,0.32523283003986925,0.39465361264451965,0.3764553734419499,0.23911884858685922,0.29316870719277166,0.32369831633699464,0.44335809531702242,0.30416718318057756,0.27044223346634066,0.32224280676578576,0.37988356534591555
9367591428,0.40594293795537412,0.27256220008179521,0.30385426253988645,0.26754716606420037,0.57615798608211466,0.21213432902999554,0.2222683571335049,0.24348286869695621,0.33371412397653138,0.35702522839050932,0.26455365696208322,0.33645465894673038,0.24890754781310376,0.57634856526798517,0.23525728570315271,0.24273869378376678,0.26481913922384431,0.33288541348887918,0.34717748105672641,0.25376498031373396,0.32586293704560826,0.24534232293184899,0.5638555294112052,0.25749098624696143,0.25537466451468266,0.25463240950313831,0.36661020849401155,0.33454531967046292,0.28544843331865244,0.38422221085686264,0.26035177619140321,0.44942657921586082,0.23960924426028246,0.38609483989864085,0.27557664568781587,0.32677255376083902,0.32874992570512029,0.29157443684346251,0.3964205882305934,0.24723848849082028,0.42892120052694366,0.25311885101972836,0.40902994523698999,0.27643267038708774,0.311237213709533,0.32206434644608478,0.2799765940327682,0.39791451644691495,0.23684576943668945,0.43479403823824159,0.24895156314453198,0.42783845677903987,0.27104841643684396,0.30970961547153519,0.26774173755290082,0.35317696710441893,0.41645902070563739,0.22241226246901236,0.34998564255237768,0.25845038884042504,0.50568807074670519,0.25740840742255899,0.26345584754146262,0.27652504202684691,0.36223268357170763,0.42191667912201791,0.21059769015347199,0.32907931565577525,0.27128326049820106,0.5135096754391224,0.24884616580352212,0.24990377609156175,0.26055515422614633,0.34610217344801358,0.44931723974338778,0.19903246659027002,0.31304025679157299,0.25693303196987605,0.53776047547370709,0.25267649854903113,0.23191346181192218
9367698604,0.4439207011489319,0.29549118613719111,0.1540403634789245,0.31949924291639276,0.46430614629361144,0.40892934236005846,0.14508975670017468,0.22518032099252136,0.36776424922210421,0.45747376005585333,0.25830394171193904,0.15739958065288728,0.34571580596614521,0.45986937350454399,0.37306753700779871,0.14172189895808815,0.25194707282572548,0.38141988075242933,0.43728380194738337,0.23963048121369029,0.16580489212728258,0.37974797188591897,0.45849390844479859,0.33662834128464725,0.14859506981282661,0.28913345327532664,0.38787415914869922,0.35458457300154711,0.16018227886373154,0.13760153316102156,0.35888041943363824,0.56104772033883998,0.23201163065290303,0.11319861681426294,0.25822833184073585,0.50277463549990709,0.37188479201099772,0.16566474812519891,0.1438556270897384,0.37307472819576676,0.53786565791618746,0.23731995833136066,0.12039999787077396,0.27146535182484366,0.49047718088980463,0.36279870341606218,0.16123679892295695,0.1610632577188742,0.39133772112474335,0.52650445096242793,0.21231171291025275,0.13577644492080218,0.31013534959847688,0.47580544705727873,0.28192106281170803,0.12198097430845262,0.13705026399091863,0.38691185032214775,0.5575358054656655,0.16007797116319245,0.12187836264230294,0.27451544206324413,0.55720139877197794,0.31138510665338881,0.14134446830994452,0.14540315986187285,0.39512229637221491,0.53987318869504042,0.18704960575928944,0.13195528129847728,0.27443395230333717,0.53536952992551645,0.33102172512617883,0.15935027846414879,0.15817906265315884,0.39547411678842276,0.53488270985743436,0.2046652345350011,0.14230591562268136,0.29534591621808154,0.49814068854915894
9367735494,0.32486638483057984,0.31015407795634997,0.26699927035910748,0.41147053216690427,0.35678830747146056,0.34749876680675118,0.26378852417145882,0.35605190204375742,0.33653978347301916,0.39859821119258132,0.34594715896170958,0.24393035940560689,0.32736829338042694,0.3762854855231893,0.41247714447973316,0.25596238349269029,0.29315379737895819,0.30262838659194735,0.33444679154037354,0.39187072953502744,0.30643189869393428,0.30396219326723301,0.31005274859055892,0.42291061671200497,0.3191191616578527,0.30619722897725021,0.27876380072254858,0.36979725671639047,0.28092791037699189,0.26766862587158907,0.33050992192414863,0.46235641968188507,0.30744032927502785,0.27654526609032187,0.28263112913335536,0.37255272413353424,0.40904021590149026,0.29228699798770041,0.26485710289830777,0.31278179461116468,0.4561033079454786,0.31983722377629048,0.27574574082657272,0.27080002276092979,0.34580084113777648,0.37522286269728106,0.32014897806006354,0.30483333401760926,0.31569297390785717,0.40034024372762794,0.33288731168498403,0.31019466290127123,0.29369819838552902,0.3325077080063098,0.38266050362341847,0.26034752329256433,0.25936063095446621,0.30337828880241008,0.50265483336643257,0.27626726502685062,0.28965470764747442,0.26280672947557965,0.38017241234813864,0.40321197515383733,0.28256109500669457,0.2671936543971361,0.30025346517519269,0.4728344522015801,0.2971993761646029,0.3035370386253195,0.26550282675582826,0.34858048397576558,0.40038330175537762,0.29295408296792591,0.28318643427822482,0.29762413701955404,0.45415007365406762,0.29756619584629995,0.32004315847601966,0.2650307480921375,0.34297167756343555
9367758822,0.34024770171530033,0.19383841055477669,0.28302857884031141,0.20883110419754497,0.63534972564143544,0.26326052821063134,0.17402595025358947,0.18211346111823873,0.43187592232409883,0.36057409204314284,0.17480357762114018,0.27871993940326006,0.17744664850663172,0.63885338707483597,0.26123013569978276,0.14836887462411119,0.16811149077494961,0.45122971177019655,0.3463746663504555,0.18408145811276277,0.29028726495757856,0.17658347197518731,0.60462376560321895,0.29120013225924335,0.16400769181393948,0.17661018852661059,0.47141601581668052,0.33708676367817902,0.26703418195550771,0.30553579823540722,0.22204446212400711,0.53386756358195608,0.26812249149192596,0.31910979232820347,0.23738650888044691,0.39663801564814261,0.34074918010044108,0.26085427879407974,0.30113888652197041,0.23418252521550451,0.51254782115965547,0.2730596991373288,0.30861961804174615,0.2611142977465995,0.41185595427652438,0.34958386050822715,0.27846119289017368,0.30039655955482591,0.22858983966881422,0.48057900266588294,0.29807044221280277,0.31562151686435186,0.26871795114861785,0.40759123929879365,0.29392658999263344,0.298592096522099,0.41356117657240049,0.22774116719168158,0.41832620293497152,0.25792405476760311,0.4277210660005879,0.29061391768847483,0.30434787762857529,0.2958552269659977,0.29326070566643403,0.41777274801442266,0.23823206054063423,0.39708178501329455,0.25618960193712659,0.42742019658926522,0.30443173093459347,0.31065332199000417,0.30871546100690217,0.30363029591849416,0.42280373433956719,0.22794727942823634,0.38254756912375626,0.26221431158216735,0.42879151759215101,0.30300586179843253,0.30167321370341005
